36,13,0.13
47,12,0.5
33,8,0.89
51,12,1
16,11,1
36,16,1
61,12,1
50,8,1
39,12,1
45,12,1.25
24,12,1.25
32,13,1.25
26,12,1.44
28,12,1.5
31,12,1.5
38,12,1.5
44,12,1.5
38,12,1.5
34,14,1.6
41,12,1.9
19,13,2
33,13,2
17,11,2
50,11.5,2
31,13,2
51,12,2
20,11.5,2
42,9,2
38,12,2
23,16,2
17,11,2
38,9,2
20,13,2
24,13,2
31,11,2
18,12,2
24,13,2
45,16,2
45,8,2
31,12,2
22,12,2
45,13,2
28,16,2
18,13,2
48,13,2
65,8,2
27,12,2.06
36,12,2.1
41,12,2.1
24,11,2.11
20,10,2.11
23,16,2.12
28,12,2.12
19,12,2.12
31,12,2.12
22,12,2.13
32,10,2.13
39,12,2.13
21,13,2.13
23,13,2.13
41,12,2.13
24,13,2.13
20,12,2.13
39,12,2.13
44,12,2.13
51,11,2.13
38,12,2.13
44,11,2.13
43,13,2.13
21,12,2.13
22,12,2.13
18,12,2.13
35,13,2.13
23,13,2.18
25,16,2.25
40,12,2.25
25,12,2.25
20,13,2.25
22,13,2.31
36,12,2.35
31,12,2.35
20,13,2.35
43,13,2.4
62,12,2.45
32,12,2.5
35,12,2.5
20,10,2.5
47,14,2.5
50,10,2.5
21,13,2.5
43,12,2.5
25,16,2.5
21,13,2.5
16,10,2.5
32,13,2.52
29,16,2.55
34,12,2.55
33,12,2.55
20,12,2.55
23,12,2.55
18,11.5,2.75
54,10,2.75
24,13,2.8
22,13,2.85
19,13,2.85
46,12,2.9
35,13,3
55,11.5,3
38,8,3
43,10,3
25,12,3
21,14,3
20,13,3
19,13,3
25,16,3
48,12,3
21,13,3
20,13,3
17,10,3
21,13,3
23,16,3
21,12,3
17,10,3
39,11,3
23,16,3
17,10,3
19,13,3
16,10,3
21,13,3
57,9,3.05
21,13,3.15
36,12,3.2
22,12,3.25
22,13,3.25
22,13,3.25
34,10,3.25
65,8,3.25
38,11,3.29
35,12,3.29
35,13,3.29
16,9,3.35
19,12,3.35
21,12,3.35
60,12,3.35
42,12,3.35
31,10,3.47
59,13,3.5
17,11,3.5
21,12,3.5
30,12,3.5
30,12,3.5
18,11.5,3.5
48,12,3.6
29,12,3.65
23,10,3.65
17,9,3.65
26,12,3.7
23,12,3.7
21,13,3.75
20,13,3.75
17,10,3.75
24,11,3.75
60,12,3.75
35,12,3.8
22,13,3.85
39,14,3.85
26,13,3.9
49,13,4
36,13,4
56,12,4
16,9,4
30,12,4
48,8,4
27,8,4
22,12,4
23,13,4
35,8,4
19,12,4
56,13,4
28,8,4
33,8,4
18,11,4
16,11,4
36,13,4
25,9,4
36,8,4
26,12,4
20,11,4
31,13,4
62,10,4
17,11,4
44,10,4
32,11,4
18,12,4
35,12,4
63,12,4
36,13,4
23,13,4
36,12,4
18,11.5,4
21,9,4
20,11,4
20,12,4
17,12,4
25,11,4
19,11,4
17,11,4
17,11,4
42,8,4
16,10,4
22,13,4
61,18,4
61,10,4
22,12,4
37,12,4
17,11.5,4
24,14,4
36,11.5,4
22,13,4
18,13,4
17,10,4
16,10,4
18,12,4
24,12,4
63,12,4
22,13,4
17,11.5,4
21,16,4
28,12,4
18,11,4
24,13,4
49,12,4
22,12,4
40,12,4
22,13,4
17,11,4
47,12,4
22,11,4
39,13,4
23,14,4
37,13,4
20,12,4
20,13,4
40,13,4
17,11,4
19,12,4
18,11,4
20,11,4
16,10,4
18,10,4
21,12,4
18,11,4
57,12,4
63,12,4
16,10,4
20,12,4
23,11.5,4
19,10,4
57,12,4
20,13,4
19,11,4
17,11,4
17,11,4
18,10,4
58,8,4
60,13,4
22,16,4
29,12,4
47,9,4
21,13,4
19,13,4
35,13,4
25,10,4
18,11.5,4
36,12,4
19,12,4
19,12,4
16,10,4
16,10,4
17,10,4
55,12,4
24,9,4
23,12,4
18,11.5,4
54,13,4
16,11,4
63,12,4
21,12,4
36,12,4
21,13,4
20,13,4
46,8,4
23,12,4
16,10,4
20,10,4
26,13,4
42,12,4
22,12,4
48,11,4
37,12,4
18,11,4
18,12,4
33,18,4
18,11.5,4
17,10,4
16,10,4
16,10,4
16,9,4
18,12,4
20,13,4
27,13,4
19,13,4
34,12,4
46,11,4.04
17,11,4.1
19,13,4.15
20,13,4.15
16,9,4.15
17,10,4.2
30,12,4.2
24,13,4.25
20,13,4.25
19,12,4.25
28,13,4.25
56,8,4.25
16,10,4.25
62,10,4.25
19,13,4.25
32,9,4.25
16,9,4.25
22,12,4.25
16,10,4.25
34,11.5,4.25
16,10,4.25
33,12,4.25
16,10,4.25
20,13,4.25
22,13,4.25
20,13,4.25
34,11,4.25
18,11.5,4.25
24,13,4.25
24,13,4.25
17,11.5,4.25
21,13,4.25
27,13,4.25
23,13,4.25
21,13,4.25
33,13,4.25
24,13,4.25
23,12,4.25
34,12,4.25
20,13,4.25
16,10,4.25
27,8,4.25
21,14,4.25
26,8,4.25
34,8,4.25
25,8,4.25
18,12,4.25
18,12,4.25
21,13,4.25
21,11,4.25
37,8,4.25
23,12,4.25
33,8,4.25
16,10,4.25
49,12,4.25
19,13,4.25
41,12,4.25
39,12,4.25
19,10,4.25
33,12,4.25
32,13,4.25
18,10,4.25
32,8,4.25
37,12,4.25
26,12,4.25
19,11,4.25
37,11,4.25
23,11,4.25
28,12,4.25
17,11.5,4.25
36,16,4.25
18,11,4.25
17,11,4.25
18,10,4.25
16,10,4.25
18,11.5,4.25
16,10,4.25
58,12,4.25
45,8,4.25
20,12,4.25
18,10,4.25
17,10,4.25
23,13,4.25
33,11,4.25
32,12,4.25
34,13,4.25
16,9,4.25
40,12,4.25
18,11,4.25
29,13,4.25
20,13,4.25
42,13,4.25
17,11.5,4.25
19,12,4.25
20,11.5,4.25
17,11,4.25
16,9,4.25
22,13,4.25
18,10,4.25
54,11,4.25
30,12,4.25
25,11,4.25
19,13,4.25
19,12,4.25
16,10,4.25
19,11,4.25
32,12,4.25
17,11,4.25
16,9,4.25
17,10,4.25
18,12,4.25
58,12,4.25
29,12,4.25
19,13,4.25
24,10,4.25
16,9,4.25
17,11,4.25
17,11,4.25
16,10,4.25
17,11,4.25
22,13,4.25
21,13,4.25
19,13,4.25
17,11,4.25
17,13,4.25
32,12,4.25
39,12,4.25
36,9,4.25
24,13,4.25
33,12,4.25
64,16,4.25
64,12,4.25
19,13,4.25
16,10,4.25
18,11.5,4.25
23,12,4.25
56,14,4.25
35,12,4.25
62,8,4.25
60,8,4.25
20,9,4.25
21,13,4.25
21,13,4.25
27,10,4.25
28,13,4.25
27,12,4.25
20,13,4.25
42,16,4.25
19,13,4.25
44,16,4.25
17,12,4.25
18,11,4.25
19,12,4.25
22,12,4.25
32,12,4.25
16,9,4.25
17,9,4.25
22,11.5,4.25
20,12,4.25
18,11,4.25
17,11.5,4.25
20,12,4.25
41,12,4.25
19,13,4.25
27,10,4.25
23,8,4.25
48,12,4.25
18,13,4.25
30,13,4.25
16,11,4.25
42,13,4.25
22,13,4.25
16,10,4.25
17,11,4.25
16,8,4.25
17,10,4.25
27,13,4.25
19,13,4.25
60,12,4.25
34,13,4.25
33,14,4.25
21,13,4.25
21,13,4.25
20,12,4.25
16,9,4.25
43,12,4.25
18,11.5,4.25
17,10,4.25
16,9,4.25
18,11,4.25
59,14,4.25
17,11,4.25
40,13,4.25
19,13,4.25
18,11,4.25
36,12,4.25
26,12,4.25
31,13,4.25
43,13,4.25
32,12,4.25
26,12,4.25
21,8,4.25
19,13,4.25
53,12,4.25
16,10,4.25
34,16,4.25
44,12,4.25
28,13,4.25
43,12,4.25
17,10,4.25
30,8,4.25
53,10,4.25
47,12,4.25
18,11.5,4.25
16,10,4.25
30,13,4.25
18,12,4.25
22,13,4.25
19,12,4.25
16,10,4.25
16,9,4.25
33,9,4.25
49,12,4.25
55,12,4.25
23,8,4.25
19,13,4.25
42,8,4.25
32,8,4.25
18,11,4.25
55,12,4.25
32,10,4.25
35,12,4.25
44,10,4.25
17,11,4.25
19,11,4.25
42,12,4.25
19,11,4.25
17,10,4.25
29,12,4.25
17,11,4.25
18,11,4.25
33,12,4.25
30,13,4.25
17,11,4.25
22,12,4.25
17,11,4.25
20,13,4.25
24,13,4.25
63,12,4.25
22,12,4.25
47,13,4.25
19,11.5,4.25
39,18,4.25
18,11.5,4.25
27,16,4.25
40,12,4.25
16,9,4.25
16,11,4.25
16,10,4.25
32,14,4.25
25,12,4.3
19,11,4.3
17,11,4.3
20,12,4.3
16,11,4.3
31,12,4.3
16,9,4.3
52,12,4.35
17,9,4.35
19,13,4.35
38,8,4.35
26,13,4.35
17,11,4.35
32,12,4.35
18,11,4.35
21,12,4.35
27,12,4.35
17,11,4.35
26,12,4.35
21,12,4.35
50,8,4.35
26,12,4.35
18,11.5,4.35
39,12,4.35
33,13,4.35
23,9,4.35
32,13,4.35
16,9,4.35
34,12,4.35
29,12,4.35
17,10,4.35
20,13,4.35
16,11,4.35
19,13,4.35
19,13,4.35
28,10,4.35
21,13,4.35
17,10,4.35
31,10,4.35
38,14,4.35
50,9,4.35
31,12,4.35
32,8,4.35
51,8,4.35
39,12,4.35
21,13,4.35
22,13,4.35
17,11,4.35
16,10,4.35
19,13,4.35
47,12,4.35
17,10,4.35
25,12,4.35
21,14,4.35
45,13,4.35
19,13,4.38
22,13,4.4
18,13,4.4
42,11,4.4
42,8,4.4
48,12,4.4
38,12,4.4
36,12,4.4
17,11,4.4
38,12,4.4
21,13,4.4
27,11,4.4
19,13,4.4
17,11,4.4
17,11,4.45
22,13,4.45
40,12,4.45
16,10,4.45
30,12,4.45
24,13,4.45
30,12,4.49
18,10,4.49
31,12,4.49
17,11.5,4.5
16,9,4.5
63,8,4.5
20,12,4.5
16,9,4.5
55,12,4.5
27,12,4.5
44,13,4.5
17,11,4.5
28,13,4.5
35,8,4.5
40,9,4.5
17,11,4.5
32,13,4.5
20,13,4.5
18,11,4.5
27,12,4.5
50,11,4.5
24,16,4.5
31,13,4.5
17,11,4.5
58,12,4.5
30,11.5,4.5
33,10,4.5
21,12,4.5
25,13,4.5
46,12,4.5
27,8,4.5
17,11.5,4.5
34,16,4.5
24,11.5,4.5
45,11,4.5
53,11,4.5
17,11,4.5
25,11,4.5
20,13,4.5
43,12,4.5
37,12,4.5
17,11,4.5
16,10,4.5
17,11,4.5
18,11,4.5
24,8,4.5
34,12,4.5
42,8,4.5
18,11,4.5
17,11.5,4.5
32,13,4.5
22,13,4.5
22,14,4.5
65,8,4.5
40,8,4.5
37,8,4.5
21,13,4.5
52,12,4.5
33,12,4.5
22,13,4.5
31,12,4.5
18,11,4.5
19,13,4.5
17,10,4.5
19,13,4.5
17,11.5,4.5
16,9,4.5
29,12,4.5
19,13,4.5
23,13,4.5
59,13,4.5
22,12,4.5
26,13,4.5
22,13,4.5
51,8,4.5
29,12,4.5
23,11.5,4.5
18,12,4.5
46,12,4.5
57,16,4.5
37,12,4.5
20,12,4.5
19,12,4.5
25,9,4.5
19,13,4.5
17,11,4.5
23,16,4.5
17,11,4.5
21,13,4.5
21,12,4.5
18,13,4.5
21,13,4.5
51,12,4.5
18,12,4.5
23,13,4.5
17,10,4.5
20,13,4.5
18,12,4.5
20,13,4.5
22,13,4.5
63,11,4.5
24,16,4.5
32,12,4.5
24,14,4.5
17,10,4.5
17,10,4.5
18,10,4.5
24,12,4.5
50,12,4.5
26,12,4.5
16,9,4.5
26,12,4.5
20,13,4.5
39,13,4.5
57,12,4.5
55,8,4.5
28,10,4.5
17,11,4.5
18,11.5,4.5
22,14,4.5
20,12,4.5
26,13,4.5
33,13,4.5
26,12,4.5
20,13,4.5
44,12,4.5
27,12,4.5
59,18,4.5
20,12,4.5
46,8,4.5
58,12,4.5
37,8,4.5
37,8,4.5
19,13,4.5
24,13,4.5
37,12,4.5
56,12,4.5
20,12,4.5
23,13,4.5
39,12,4.5
19,13,4.5
44,13,4.5
18,12,4.5
17,11,4.5
16,11,4.5
21,13,4.5
19,12,4.5
24,12,4.5
58,12,4.5
20,13,4.5
23,13,4.5
50,16,4.5
30,12,4.5
39,13,4.5
23,13,4.5
17,11,4.55
18,11,4.55
17,11,4.55
24,9,4.55
31,11,4.55
34,13,4.55
32,12,4.55
20,12,4.55
29,9,4.55
22,12,4.6
18,10,4.6
20,13,4.6
21,13,4.6
21,13,4.6
25,16,4.6
18,13,4.6
18,11,4.6
33,12,4.6
34,12,4.6
20,13,4.6
61,12,4.6
25,13,4.62
23,13,4.65
24,9,4.65
20,13,4.65
17,10,4.65
18,11,4.65
30,12,4.65
22,13,4.65
25,13,4.65
16,10,4.65
29,10,4.65
16,10,4.65
40,13,4.65
20,13,4.65
17,11,4.65
22,13,4.65
47,10,4.65
18,11,4.65
19,13,4.65
22,13,4.65
19,13,4.65
19,12,4.65
30,12,4.65
29,12,4.65
17,10,4.65
35,12,4.65
58,8,4.65
19,12,4.65
29,12,4.65
21,13,4.65
35,12,4.7
34,13,4.7
19,12,4.7
21,12,4.7
22,16,4.7
16,9,4.7
22,13,4.7
18,11.5,4.7
56,12,4.7
46,16,4.7
53,9,4.7
25,13,4.75
23,12,4.75
22,8,4.75
63,9,4.75
19,12,4.75
19,12,4.75
28,13,4.75
21,13,4.75
21,13,4.75
33,13,4.75
26,12,4.75
18,11,4.75
19,13,4.75
17,11,4.75
22,13,4.75
35,13,4.75
19,13,4.75
22,13,4.75
30,11,4.75
41,13,4.75
22,8,4.75
56,8,4.75
37,14,4.75
40,13,4.75
34,16,4.75
56,9,4.75
47,12,4.75
38,8,4.75
20,11,4.75
23,12,4.75
38,11,4.75
50,12,4.75
38,12,4.75
40,12,4.75
26,13,4.75
16,9,4.75
19,13,4.75
17,9,4.75
30,8,4.75
17,11,4.75
21,12,4.75
19,13,4.75
18,13,4.75
42,12,4.75
47,13,4.75
18,11,4.75
21,13,4.75
18,10,4.75
17,10,4.75
19,13,4.75
16,10,4.75
28,11.5,4.75
35,13,4.75
17,11,4.75
35,13,4.75
41,11.5,4.75
39,14,4.75
22,13,4.75
39,12,4.75
18,11,4.75
16,10,4.75
22,12,4.75
20,12,4.75
21,13,4.75
30,12,4.75
32,11,4.75
26,12,4.75
16,11,4.75
35,11,4.75
17,11,4.75
41,12,4.75
21,12,4.75
20,12,4.75
28,12,4.75
41,12,4.75
18,11,4.75
21,13,4.75
36,12,4.75
24,12,4.75
22,8,4.75
19,13,4.75
65,8,4.75
22,13,4.75
42,13,4.75
22,16,4.75
21,13,4.75
17,11,4.75
21,13,4.75
23,14,4.75
18,11,4.75
38,12,4.75
36,12,4.75
21,13,4.75
22,13,4.75
49,13,4.75
19,12,4.76
23,12,4.76
22,12,4.76
29,12,4.76
48,11,4.8
44,12,4.8
23,13,4.8
23,13,4.8
19,13,4.8
17,12,4.8
39,12,4.8
54,12,4.8
34,12,4.8
28,11,4.82
32,12,4.85
21,12,4.85
18,8,4.85
17,11,4.85
52,13,4.85
19,13,4.85
17,11.5,4.85
44,12,4.85
18,11.5,4.85
23,12,4.85
18,11,4.85
62,10,4.85
19,13,4.85
16,10,4.85
32,12,4.87
18,11,4.9
21,11,4.9
26,12,4.9
32,12,4.9
30,13,4.9
19,13,4.9
54,13,4.9
47,12,4.9
27,13,4.9
35,9,4.91
37,8,4.94
57,11,4.94
38,11,4.94
19,12,4.95
17,10,4.95
27,12,4.95
33,12,5
28,13,5
31,8,5
21,12,5
50,12,5
37,12,5
19,12,5
60,12,5
47,18,5
44,12,5
33,13,5
57,9,5
50,13,5
40,9,5
63,13,5
21,12,5
26,11,5
19,9,5
25,12,5
20,13,5
27,12,5
29,16,5
42,12,5
35,12,5
33,12,5
28,10,5
42,11,5
43,14,5
26,12,5
58,12,5
29,16,5
31,12,5
63,13,5
25,13,5
64,8,5
25,13,5
16,10,5
28,12,5
61,8,5
33,12,5
27,12,5
24,12,5
31,12,5
16,11,5
60,13,5
37,10,5
30,12,5
20,13,5
42,12,5
46,12,5
50,13,5
37,13,5
19,13,5
21,13,5
36,13,5
36,12,5
23,8,5
30,8,5
64,10,5
38,8,5
18,13,5
46,14,5
23,12,5
45,11,5
18,12,5
17,10,5
29,13,5
18,13,5
32,8,5
17,11,5
45,9,5
28,11,5
24,13,5
25,8,5
18,11,5
19,13,5
34,12,5
21,13,5
27,13,5
23,9,5
23,8,5
23,13,5
20,11,5
18,13,5
28,8,5
41,9,5
26,8,5
22,13,5
46,8,5
46,8,5
25,13,5
21,12,5
54,13,5
39,8,5
19,13,5
17,11.5,5
22,12,5
19,12,5
27,8,5
55,13,5
18,11.5,5
36,16,5
23,8,5
27,12,5
29,9,5
19,13,5
19,12,5
28,12,5
62,12,5
16,10,5
39,12,5
19,12,5
18,12,5
16,10,5
18,11,5
45,13,5
57,18,5
49,12,5
18,11.5,5
30,16,5
30,16,5
16,10,5
35,12,5
46,12,5
42,8,5
18,11,5
21,8,5
25,11.5,5
25,13,5
28,18,5
24,13,5
38,9,5
38,11,5
30,10,5
33,12,5
27,16,5
44,8,5
23,12,5
23,9,5
59,11.5,5
53,12,5
26,10,5
45,12,5
16,10,5
26,12,5
48,14,5
29,13,5
33,12,5
27,14,5
24,13,5
32,8,5
21,13,5
64,13,5
24,12,5
21,13,5
45,13,5
21,11.5,5
18,11.5,5
16,11,5
59,12,5
35,13,5
19,13,5
21,12,5
33,12,5
26,12,5
18,11,5
50,13,5
60,12,5
18,12,5
18,13,5
39,14,5
29,12,5
28,13,5
19,13,5
21,13,5
33,11,5
59,13,5
24,12,5
20,9,5
37,12,5
63,12,5
53,12,5
28,8,5
22,11.5,5
23,14,5
18,12,5
17,11,5
26,18,5
40,13,5
32,13,5
22,13,5
28,12,5
44,13,5
19,12,5
28,13,5
35,12,5
34,10,5
49,13,5
18,12,5
65,13,5
26,11,5
17,11,5
43,11,5
41,8,5
43,13,5
18,11,5
17,10,5
20,13,5
21,11,5
20,8,5
21,13,5
19,12,5
52,12,5
41,12,5
18,11,5
19,13,5
41,12,5
29,18,5
24,14,5
59,12,5
21,13,5
50,12,5
20,12,5
20,13,5
32,10,5
65,11,5
27,12,5
49,13,5
22,12,5
18,9,5
31,12,5
44,13,5
63,11,5
26,12,5
23,10,5
63,8,5
19,12,5
41,13,5
21,13,5
24,16,5
21,13,5
24,13,5
24,10,5
32,12,5
19,13,5
30,12,5
62,12,5
18,11.5,5
17,11.5,5
23,12,5
58,12,5
18,13,5
32,16,5
39,13,5
29,12,5
24,13,5
18,11.5,5
28,12,5
17,11,5
17,11,5
34,12,5
18,11,5
19,13,5
28,12,5
22,12,5
26,12,5
65,12,5
37,12,5
20,8,5
61,10,5
31,13,5
19,12,5
17,11,5
16,10,5
31,12,5
25,16,5
27,13,5
21,12,5
18,11,5
16,9,5
51,18,5
19,10,5
18,13,5
44,13,5
24,14,5
40,13,5
63,13,5
27,12,5
19,12,5
27,13,5
19,13,5
46,12,5
18,11,5
45,13,5
17,11,5
20,13,5
18,11,5
40,12,5
63,12,5
46,12,5
41,8,5
24,12,5
27,12,5
31,12,5
38,13,5
36,12,5
34,12,5
56,12,5
33,12,5
43,12,5
32,13,5
22,12,5
30,12,5
21,13,5
37,12,5
17,10,5
43,8,5
51,12,5
20,9,5
23,11.5,5
33,11.5,5
21,13,5
29,12,5
19,13,5
18,12,5
21,13,5
22,13,5
60,12,5
19,12,5
57,12,5
17,10,5
19,11,5
22,13,5
62,16,5
16,10,5
20,13,5
51,14,5
32,12,5
56,9,5
19,13,5
20,13,5
41,12,5
31,11,5
34,13,5
34,13,5
55,13,5
37,12,5
28,8,5
26,12,5
27,13,5
33,12,5
21,13,5
53,12,5
30,12,5
19,12,5
25,13,5
23,10,5
31,12,5
30,14,5
22,16,5
19,13,5
52,12,5
33,12,5
23,13,5
39,12,5
23,12,5
26,12,5
24,12,5
22,13,5
59,8,5
21,13,5
49,12,5
60,13,5
22,12,5
19,13,5
22,12,5
22,13,5
26,12,5
28,13,5
20,13,5
17,11.5,5
46,13,5
20,13,5
23,13,5
23,12,5
16,10,5
31,12,5
28,12,5
24,13,5
18,12,5
21,12,5
22,12,5
38,11,5
20,12,5
24,12,5
19,12,5
63,8,5
30,12,5
19,10,5
25,12,5
21,16,5
38,13,5
28,13,5
37,12,5
46,10,5
18,10,5
56,8,5
22,13,5
27,16,5
49,12,5
50,12,5
64,12,5
57,12,5
42,13,5
45,12,5
57,8,5
52,12,5
25,12,5
38,12,5
28,13,5
16,11,5
20,12,5
19,12,5
43,12,5
23,13,5
30,16,5
42,12,5
20,9,5
52,10,5
44,9,5
32,12,5
29,8,5
28,14,5
24,12,5
18,12,5
21,13,5
51,12,5
56,13,5
29,12,5
28,13,5
53,8,5
18,10,5
44,12,5
28,13,5
60,12,5
25,13,5
25,16,5
28,13,5
21,13,5
38,10,5
25,12,5
37,12,5
17,12,5
55,13,5
29,12,5
16,9,5
17,11.5,5
17,11,5
31,13,5
34,14,5
38,12,5
43,12,5
30,12,5
28,12,5
31,14,5
58,13,5
54,8,5
58,13,5
20,13,5
40,13,5
27,13,5
30,12,5
33,16,5
16,10,5
21,13,5
17,10,5
33,12,5
16,9,5
24,12,5
16,9,5
20,13,5
39,12,5
54,12,5
23,12,5
36,16,5
27,12,5
29,12,5
39,13,5
23,13,5
39,10,5
35,14,5
45,13,5
20,12,5
37,12,5
22,13,5
51,12,5
36,12,5
20,13,5
33,12,5
38,12,5
46,12,5
63,12,5
24,13,5
19,10,5
58,13,5
54,12,5
18,11,5
41,16,5
55,16,5
33,13,5
56,12,5
37,13,5
17,11,5
34,11.5,5
34,13,5
20,12,5
33,13,5
41,9,5
42,11.5,5
34,16,5
30,13,5
26,8,5
43,12,5
38,12,5
18,12,5
24,13,5
22,13,5
41,12,5
44,12,5
40,13,5
17,10,5
23,11,5
26,8,5
29,8,5
20,11,5
17,8,5
24,12,5
18,10,5
19,9,5
40,9,5
22,13,5
22,13,5
37,13,5
59,16,5
26,13,5
24,16,5
27,10,5
17,11,5
19,12,5
36,13,5
31,8,5
54,13,5
29,8,5
39,12,5
20,13,5
34,8,5
29,12,5
24,12,5
19,8,5
20,13,5
18,12,5
21,12,5
16,10,5
18,12,5
24,10,5
30,13,5
18,11,5
49,11,5
30,12,5
27,12,5
16,11,5
16,10,5
19,12,5
34,12,5
16,9,5
27,12,5
32,13,5
16,9,5
18,11,5
40,12,5
57,10,5
49,12,5
63,13,5
27,12,5
33,12,5
45,13,5
16,10,5
24,12,5
17,10,5
51,12,5
35,12,5
18,13,5
50,16,5
18,11,5
40,13,5
45,13,5
53,13,5
18,13,5
21,13,5
21,9,5
25,12,5
36,12,5
37,12,5
21,12,5.01
21,13,5.04
29,13,5.05
52,13,5.05
30,10,5.05
24,12,5.05
36,16,5.05
17,10,5.05
46,13,5.05
31,12,5.1
31,9,5.1
27,13,5.1
62,12,5.1
37,8,5.1
21,14,5.1
50,11,5.1
51,13,5.1
39,12,5.1
23,13,5.1
21,13,5.1
20,9,5.1
35,10,5.1
28,10,5.1
58,13,5.15
62,13,5.15
48,12,5.15
45,12,5.15
18,12,5.15
23,12,5.15
32,12,5.15
49,12,5.15
60,12,5.15
53,12,5.16
33,12,5.17
56,9,5.18
41,12,5.19
53,12,5.19
25,13,5.2
29,10,5.2
17,11.5,5.2
37,13,5.2
56,10,5.2
26,12,5.2
18,11,5.2
23,13,5.2
30,12,5.2
65,12,5.21
35,12,5.22
19,9,5.25
59,13,5.25
57,8,5.25
26,12,5.25
31,9,5.25
18,9,5.25
34,16,5.25
20,9,5.25
23,11,5.25
26,8,5.25
16,11,5.25
31,12,5.25
26,12,5.25
21,13,5.25
33,12,5.25
23,12,5.25
36,12,5.25
32,13,5.25
20,12,5.25
43,12,5.25
45,8,5.25
42,12,5.25
25,13,5.25
18,13,5.25
19,13,5.25
18,10,5.25
33,13,5.25
63,11,5.25
23,13,5.25
18,11,5.25
25,10,5.25
45,12,5.25
45,12,5.25
43,12,5.25
24,13,5.25
23,10,5.25
52,13,5.25
17,10,5.25
58,12,5.25
36,13,5.25
21,11,5.25
41,12,5.25
48,12,5.25
56,13,5.25
18,11.5,5.25
22,13,5.25
51,12,5.25
17,10,5.25
59,11,5.25
23,13,5.25
41,12,5.25
20,12,5.25
18,11.5,5.25
19,12,5.25
38,12,5.25
21,13,5.25
57,8,5.25
26,12,5.25
18,13,5.25
28,12,5.25
17,10,5.25
22,13,5.25
35,13,5.25
20,12,5.25
36,12,5.25
47,12,5.25
19,13,5.25
43,12,5.25
44,12,5.25
49,12,5.25
23,12,5.25
19,13,5.25
18,8,5.25
21,12,5.25
34,9,5.25
21,13,5.25
21,13,5.25
26,12,5.25
25,14,5.25
33,9,5.25
31,8,5.25
25,12,5.25
35,11,5.25
22,10,5.25
27,8,5.25
54,10,5.25
20,13,5.25
18,11,5.25
28,12,5.25
20,13,5.25
31,12,5.25
45,11,5.25
51,8,5.25
38,12,5.25
35,12,5.25
19,12,5.25
17,10,5.25
51,12,5.25
45,8,5.3
16,10,5.3
35,11,5.3
30,13,5.3
20,13,5.3
21,13,5.3
43,12,5.3
46,14,5.3
46,12,5.3
38,12,5.3
23,13,5.3
17,11.5,5.3
16,9,5.3
16,10,5.3
65,16,5.3
31,13,5.3
17,10,5.3
17,11.5,5.3
47,16,5.34
27,13,5.35
24,11,5.35
42,13,5.35
22,13,5.35
28,9,5.35
36,12,5.35
32,13,5.35
53,12,5.35
37,12,5.35
30,13,5.35
21,11,5.35
32,12,5.35
33,12,5.35
34,8,5.35
47,11.5,5.37
23,13,5.39
21,13,5.39
36,12,5.4
16,11,5.4
22,13,5.4
37,12,5.4
31,10,5.4
52,13,5.4
39,8,5.43
26,12,5.45
50,10,5.45
39,8,5.45
63,9,5.45
51,11,5.45
22,11,5.45
36,8,5.45
24,12,5.45
40,9,5.45
62,12,5.46
61,12,5.46
37,10,5.46
36,13,5.46
41,13,5.5
19,8,5.5
36,12,5.5
57,10,5.5
39,12,5.5
20,12,5.5
45,12,5.5
19,12,5.5
29,13,5.5
22,12,5.5
53,16,5.5
31,11,5.5
46,11.5,5.5
22,12,5.5
24,13,5.5
20,13,5.5
44,8,5.5
25,10,5.5
33,13,5.5
19,11,5.5
21,14,5.5
17,12,5.5
22,12,5.5
27,13,5.5
22,12,5.5
34,12,5.5
38,8,5.5
17,11.5,5.5
43,12,5.5
22,10,5.5
34,12,5.5
37,13,5.5
19,8,5.5
30,8,5.5
23,12,5.5
48,12,5.5
47,16,5.5
45,12,5.5
39,13,5.5
21,13,5.5
31,12,5.5
42,12,5.5
19,12,5.5
58,12,5.5
25,12,5.5
17,11,5.5
40,12,5.5
23,13,5.5
54,12,5.5
21,13,5.5
20,12,5.5
23,12,5.5
19,12,5.5
31,12,5.5
59,12,5.5
46,12,5.5
18,11.5,5.5
31,12,5.5
23,16,5.5
42,16,5.5
18,12,5.5
19,12,5.5
20,13,5.5
17,11,5.5
39,13,5.5
17,11,5.5
27,13,5.5
18,11,5.5
62,12,5.5
21,13,5.5
20,13,5.5
27,13,5.5
20,13,5.5
28,13,5.5
60,12,5.5
21,13,5.5
22,13,5.5
35,8,5.5
24,12,5.5
36,12,5.5
23,13,5.5
63,13,5.5
36,10,5.5
24,13,5.5
20,12,5.5
21,12,5.5
29,12,5.5
17,11.5,5.5
29,13,5.5
26,13,5.5
43,12,5.5
36,12,5.5
58,12,5.5
24,13,5.5
22,12,5.5
22,13,5.5
19,11.5,5.5
17,10,5.5
24,16,5.5
23,12,5.5
32,13,5.5
19,12,5.5
19,13,5.5
21,13,5.5
23,9,5.5
24,13,5.5
24,12,5.5
36,9,5.5
47,12,5.5
17,11,5.5
23,13,5.5
55,12,5.5
17,11,5.5
21,13,5.5
24,12,5.5
41,12,5.5
20,13,5.5
36,8,5.5
31,10,5.5
59,10,5.5
24,8,5.5
30,13,5.5
22,12,5.5
38,12,5.5
20,13,5.5
56,8,5.5
21,12,5.5
18,13,5.5
22,13,5.5
45,12,5.5
44,12,5.5
20,13,5.5
43,13,5.5
18,12,5.5
18,11,5.5
30,13,5.5
22,12,5.5
44,12,5.5
23,14,5.5
28,12,5.5
21,11,5.5
20,13,5.5
25,12,5.5
18,12,5.5
23,13,5.5
26,12,5.5
33,12,5.5
24,12,5.5
30,12,5.5
31,11,5.5
18,8,5.5
39,12,5.5
24,13,5.5
52,12,5.5
24,11,5.5
17,11,5.5
39,12,5.5
46,13,5.5
24,13,5.5
22,12,5.5
24,11,5.5
38,12,5.5
37,13,5.5
32,8,5.5
24,8,5.5
42,12,5.5
30,12,5.5
52,12,5.5
27,8,5.5
26,8,5.5
25,8,5.5
36,8,5.5
22,12,5.5
26,13,5.5
24,12,5.5
26,13,5.5
24,13,5.5
21,13,5.5
24,12,5.5
30,12,5.5
21,13,5.5
32,12,5.5
24,12,5.5
43,12,5.5
31,14,5.5
18,12,5.5
28,8,5.5
23,13,5.5
21,12,5.5
24,16,5.5
33,12,5.5
19,13,5.5
43,10,5.51
21,12,5.52
20,12,5.52
41,12,5.54
25,13,5.55
26,12,5.55
21,13,5.55
31,8,5.55
28,12,5.56
26,11.5,5.56
19,12,5.6
28,12,5.6
39,13,5.6
17,11.5,5.6
17,10,5.6
54,12,5.6
34,13,5.6
20,13,5.6
18,11,5.6
18,13,5.6
40,12,5.6
46,10,5.6
61,10,5.6
62,12,5.6
48,8,5.6
22,13,5.6
28,12,5.6
50,12,5.6
51,13,5.6
27,12,5.62
22,13,5.62
23,13,5.63
21,13,5.63
24,12,5.63
19,12,5.63
29,13,5.63
36,11,5.65
36,10,5.65
47,8,5.65
27,8,5.65
28,8,5.65
20,11,5.65
33,13,5.65
59,14,5.65
23,13,5.65
29,12,5.65
29,10,5.65
26,8,5.65
23,13,5.65
30,13,5.65
23,12,5.67
21,13,5.67
18,12,5.67
21,13,5.67
28,12,5.67
37,12,5.68
51,12,5.69
43,13,5.7
47,13,5.7
23,16,5.7
40,12,5.7
51,12,5.7
29,12,5.7
45,11,5.7
31,12,5.7
27,14,5.7
31,13,5.7
32,13,5.7
34,11,5.73
24,13,5.74
38,11.5,5.75
20,12,5.75
41,12,5.75
18,12,5.75
44,12,5.75
19,12,5.75
24,8,5.75
20,13,5.75
51,8,5.75
21,12,5.75
24,13,5.75
16,10,5.75
55,11.5,5.75
23,13,5.75
21,12,5.75
21,8,5.75
44,12,5.75
21,12,5.75
28,16,5.75
19,12,5.75
20,12,5.75
29,12,5.75
27,12,5.75
19,12,5.75
46,12,5.75
43,13,5.75
53,14,5.75
45,12,5.75
35,13,5.75
26,12,5.75
29,12,5.75
23,13,5.75
24,12,5.75
21,12,5.75
31,16,5.75
23,13,5.75
21,12,5.75
33,9,5.75
21,10,5.75
37,12,5.75
43,13,5.75
40,12,5.75
45,12,5.75
28,12,5.75
52,8,5.75
50,12,5.75
23,13,5.75
31,14,5.75
31,13,5.75
50,12,5.75
49,13,5.75
50,12,5.75
28,13,5.75
30,9,5.75
29,12,5.75
21,8,5.75
37,13,5.75
30,13,5.75
19,13,5.75
30,12,5.75
38,10,5.76
24,13,5.76
26,12,5.77
44,13,5.77
59,10,5.78
41,13,5.8
39,13,5.8
23,13,5.8
24,14,5.8
33,12,5.8
40,11,5.8
51,13,5.8
46,13,5.8
35,13,5.8
28,12,5.8
31,12,5.8
24,13,5.8
24,12,5.8
58,13,5.8
27,8,5.83
18,12,5.83
21,12,5.84
37,14,5.85
64,12,5.85
55,12,5.85
36,12,5.85
29,13,5.85
33,12,5.85
19,13,5.85
25,12,5.85
23,13,5.85
21,10,5.85
62,14,5.85
26,13,5.85
35,13,5.85
23,12,5.85
62,10,5.85
22,12,5.85
48,12,5.86
28,11,5.86
28,12,5.87
31,13,5.87
20,11,5.88
63,16,5.88
52,8,5.89
21,12,5.89
21,12,5.89
65,8,5.9
63,12,5.9
21,12,5.9
40,12,5.9
40,12,5.9
36,12,5.9
63,8,5.9
22,13,5.9
31,9,5.9
32,13,5.91
30,13,5.91
45,12,5.95
49,12,5.95
38,12,5.96
30,14,5.98
29,12,5.98
60,12,5.98
20,13,5.99
33,12,6
22,12,6
36,13,6
45,14,6
32,12,6
25,12,6
38,13,6
16,10,6
44,16,6
43,12,6
28,13,6
47,12,6
56,12,6
22,12,6
40,12,6
29,11,6
28,13,6
28,13,6
32,8,6
36,12,6
43,13,6
46,12,6
38,12,6
43,12,6
48,12,6
51,13,6
36,13,6
29,13,6
49,13,6
26,12,6
54,12,6
32,12,6
48,12,6
33,12,6
45,16,6
21,11,6
51,16,6
40,12,6
50,9,6
17,11,6
23,13,6
17,11,6
60,12,6
51,12,6
27,12,6
24,13,6
61,16,6
29,11,6
27,12,6
36,12,6
56,12,6
44,11,6
47,12,6
28,12,6
27,11,6
65,12,6
37,12,6
21,13,6
21,11,6
49,16,6
36,11,6
41,12,6
35,12,6
26,16,6
42,8,6
32,12,6
27,13,6
38,12,6
30,8,6
28,12,6
31,12,6
46,13,6
57,13,6
41,8,6
20,13,6
16,10,6
38,14,6
45,16,6
31,13,6
28,12,6
37,13,6
27,13,6
34,12,6
26,8,6
22,13,6
34,13,6
30,13,6
20,12,6
21,11,6
42,16,6
20,12,6
17,10,6
17,10,6
47,18,6
37,11,6
56,11,6
56,8,6
51,11,6
48,13,6
30,8,6
21,13,6
19,13,6
55,12,6
65,12,6
41,13,6
39,12,6
24,12,6
48,8,6
49,11,6
62,8,6
30,12,6
19,12,6
28,12,6
18,13,6
52,12,6
31,9,6
17,10,6
23,8,6
46,12,6
45,12,6
47,12,6
30,13,6
21,10,6
48,13,6
33,12,6
25,12,6
41,12,6
42,8,6
24,8,6
27,8,6
37,12,6
19,12,6
22,12,6
48,18,6
50,12,6
48,12,6
27,13,6
23,12,6
20,13,6
24,13,6
24,16,6
38,12,6
19,12,6
19,12,6
22,12,6
26,13,6
31,10,6
22,13,6
37,12,6
37,8,6
25,12,6
23,9,6
51,13,6
52,8,6
21,12,6
22,13,6
35,12,6
21,12,6
17,11.5,6
27,13,6
19,12,6
40,12,6
20,13,6
55,12,6
26,13,6
32,12,6
42,10,6
26,13,6
21,13,6
21,13,6
35,12,6
62,12,6
50,13,6
21,12,6
56,12,6
34,12,6
24,16,6
32,13,6
17,11,6
41,13,6
35,12,6
50,12,6
21,13,6
33,10,6
22,13,6
35,12,6
30,13,6
38,12,6
34,12,6
30,12,6
46,12,6
24,12,6
37,11.5,6
33,12,6
43,16,6
34,12,6
33,13,6
24,13,6
52,10,6
22,13,6
43,8,6
22,13,6
36,16,6
22,16,6
17,11,6
55,12,6
42,12,6
53,12,6
30,13,6
42,12,6
48,12,6
35,13,6
48,13,6
35,13,6
39,12,6
31,13,6
20,13,6
25,14,6
23,12,6
19,13,6
56,13,6
47,13,6
38,12,6
23,13,6
23,16,6
42,12,6
51,12,6
21,12,6
32,13,6
17,11,6
22,12,6
24,16,6
22,13,6
31,16,6
30,12,6
21,12,6
56,12,6
21,13,6
23,16,6
28,14,6
43,13,6
57,12,6
32,16,6
48,11,6
28,13,6
26,16,6
49,12,6
25,11.5,6
25,12,6
37,18,6
25,16,6
22,13,6
42,12,6
29,8,6
62,16,6
30,12,6
26,12,6
28,12,6
20,13,6
64,12,6
21,10,6
53,12,6
21,12,6
43,12,6
32,12,6
17,11,6
49,13,6
19,12,6
23,16,6
32,12,6
26,18,6
41,12,6
36,12,6
24,13,6
21,13,6
56,13,6
22,13,6
25,13,6
45,12,6
21,11.5,6
21,13,6
36,11,6
64,12,6
18,13,6
57,8,6
28,12,6
29,13,6
26,16,6
40,12,6
33,12,6
43,11.5,6
26,13,6
28,13,6
52,9,6
25,11,6
50,10,6
31,12,6
43,12,6
34,13,6
25,13,6
18,12,6
26,13,6
26,16,6
23,16,6
48,12,6
22,13,6
22,13,6
22,13,6
21,13,6
35,14,6
22,16,6
24,13,6
25,12,6
28,16,6
25,13,6
25,13,6
27,16,6
26,10,6
30,16,6
54,9,6
21,12,6
18,11.5,6
42,13,6
19,12,6
48,12,6
18,12,6
29,12,6
19,13,6
19,13,6
18,10,6
47,9,6
28,12,6
27,12,6
44,12,6
38,13,6
37,16,6
24,16,6
25,13,6
41,11.5,6
27,16,6
43,13,6
55,12,6
38,12,6
27,12,6
39,13,6
54,12,6
24,11,6
47,12,6
51,13,6
35,12,6
54,9,6
30,16,6
31,13,6
40,13,6
20,13,6
34,12,6
46,10,6
37,11,6
22,14,6
21,13,6
30,13,6
33,11,6
59,12,6
43,12,6
32,12,6
21,13,6
19,12,6
36,12,6
53,12,6
23,13,6
31,12,6
17,10,6
27,12,6
32,13,6
57,9,6
55,12,6
34,13,6
31,12,6
23,8,6
24,14,6
30,12,6
28,12,6
18,12,6
28,12,6
36,12,6
17,11.5,6
53,12,6
55,12,6
42,12,6
19,13,6
40,12,6
23,12,6
25,16,6
28,13,6
20,13,6
21,12,6
52,13,6
20,13,6
32,13,6
44,8,6
31,12,6
61,13,6
57,12,6
20,13,6
38,16,6
47,9,6
30,13,6
21,11.5,6
28,12,6
53,8,6
24,12,6
43,12,6
30,12,6
56,12,6
42,13,6
23,12,6
35,13,6
42,12,6
19,12,6
30,13,6
27,9,6
24,12,6
30,12,6
54,13,6
22,13,6
55,8,6
40,13,6
28,13,6
35,8,6
42,13,6
31,9,6
19,8,6
22,13,6
30,13,6
44,8,6
20,12,6
37,12,6
21,12,6
49,14,6
28,12,6
35,8,6
23,13,6
21,13,6
18,12,6
24,13,6
25,13,6
22,13,6
18,12,6
22,13,6
39,9,6
18,12,6
36,11,6
33,12,6
28,12,6
32,13,6
25,13,6
43,13,6
19,12,6
35,16,6
37,12,6
19,12,6
21,13,6
34,13,6
42,12,6
38,12,6
20,13,6
42,12,6
20,13,6
30,16,6
43,12,6
24,12,6
33,16,6
20,12,6
57,13,6
33,9,6
24,12,6
23,12,6
27,12,6
21,13,6
34,13,6
21,12,6
21,12,6
28,13,6
52,12,6
27,12,6
30,12,6
55,13,6
37,12,6.02
29,16,6.03
33,11,6.05
22,12,6.05
20,11,6.05
38,13,6.05
46,12,6.07
37,14,6.07
47,12,6.08
30,12,6.1
17,11.5,6.1
46,11,6.1
43,12,6.1
49,11,6.1
22,13,6.1
61,12,6.1
52,8,6.1
48,12,6.1
30,12,6.1
41,12,6.1
25,13,6.1
37,12,6.12
30,12,6.12
37,8,6.15
49,12,6.15
36,12,6.15
19,13,6.15
24,13,6.15
33,8,6.15
44,13,6.15
25,13,6.15
26,12,6.15
31,13,6.17
48,12,6.18
44,14,6.18
50,12,6.18
54,12,6.19
53,8,6.19
21,13,6.19
47,12,6.2
36,13,6.2
29,11.5,6.2
40,13,6.2
18,11.5,6.2
18,11,6.2
43,12,6.2
20,11,6.2
44,18,6.2
25,12,6.2
26,13,6.22
51,13,6.24
40,13,6.24
38,12,6.25
54,14,6.25
18,11,6.25
25,12,6.25
39,10,6.25
20,12,6.25
30,12,6.25
41,13,6.25
19,11,6.25
21,14,6.25
19,13,6.25
39,12,6.25
51,12,6.25
33,12,6.25
22,12,6.25
20,13,6.25
31,12,6.25
26,11,6.25
24,12,6.25
22,13,6.25
28,13,6.25
29,16,6.25
25,12,6.25
31,13,6.25
57,8,6.25
43,12,6.25
31,13,6.25
29,12,6.25
41,12,6.25
52,8,6.25
27,12,6.25
18,13,6.25
17,11,6.25
47,12,6.25
30,13,6.25
18,12,6.25
47,12,6.25
36,12,6.25
34,16,6.25
22,12,6.25
22,16,6.25
48,13,6.25
39,13,6.25
49,13,6.25
25,12,6.25
31,11,6.25
27,16,6.25
48,12,6.25
63,8,6.25
46,12,6.25
38,16,6.25
28,9,6.25
23,13,6.25
32,12,6.25
39,12,6.25
19,13,6.25
19,12,6.25
18,11,6.25
24,12,6.25
18,12,6.25
21,12,6.25
20,12,6.25
29,16,6.25
26,18,6.25
30,16,6.25
20,12,6.25
30,12,6.27
31,12,6.3
29,8,6.3
24,13,6.3
23,12,6.3
43,11,6.3
36,12,6.3
27,13,6.3
49,11.5,6.3
37,12,6.3
47,11,6.3
23,13,6.3
43,12,6.3
27,12,6.3
33,12,6.3
23,14,6.3
25,12,6.3
30,13,6.3
44,13,6.32
27,10,6.32
39,12,6.33
37,12,6.34
34,13,6.35
23,13,6.35
20,12,6.35
37,18,6.35
32,13,6.35
27,12,6.35
37,16,6.35
21,12,6.35
21,12,6.35
58,12,6.35
51,12,6.35
46,13,6.35
60,12,6.35
29,11,6.37
28,13,6.37
39,13,6.38
49,11,6.38
26,9,6.4
33,12,6.4
43,12,6.4
18,13,6.4
38,11,6.4
50,12,6.4
23,13,6.4
43,10,6.4
43,12,6.4
23,13,6.4
42,12,6.4
27,13,6.4
42,12,6.4
27,16,6.4
42,12,6.4
39,12,6.42
37,12,6.42
50,13,6.45
32,13,6.45
31,13,6.47
35,12,6.48
31,16,6.48
37,12,6.49
32,12,6.49
34,12,6.49
31,13,6.49
63,18,6.5
28,12,6.5
19,11,6.5
60,16,6.5
56,12,6.5
31,12,6.5
24,12,6.5
23,13,6.5
24,14,6.5
23,11,6.5
19,12,6.5
19,13,6.5
35,13,6.5
26,16,6.5
34,16,6.5
36,12,6.5
54,8,6.5
38,13,6.5
25,13,6.5
39,12,6.5
33,12,6.5
24,8,6.5
31,16,6.5
28,12,6.5
21,13,6.5
47,8,6.5
32,12,6.5
36,12,6.5
21,11,6.5
35,8,6.5
65,13,6.5
64,12,6.5
40,13,6.5
19,13,6.5
22,13,6.5
51,13,6.5
22,14,6.5
22,10,6.5
22,10,6.5
24,12,6.5
27,16,6.5
31,8,6.5
34,12,6.5
22,16,6.5
50,12,6.5
23,13,6.5
27,8,6.5
22,13,6.5
61,13,6.5
33,10,6.5
45,12,6.5
36,13,6.5
18,12,6.5
18,10,6.5
29,10,6.5
30,12,6.5
31,13,6.5
55,13,6.5
27,10,6.5
41,8,6.5
59,12,6.5
23,16,6.5
43,13,6.5
17,11.5,6.5
45,13,6.5
61,12,6.5
34,16,6.5
22,13,6.5
25,12,6.5
56,12,6.5
20,13,6.5
35,13,6.5
26,12,6.5
27,16,6.5
61,12,6.5
23,12,6.5
63,14,6.5
29,12,6.5
24,13,6.5
21,12,6.5
64,12,6.5
21,12,6.5
21,12,6.5
31,12,6.5
43,13,6.5
40,12,6.5
48,16,6.5
20,13,6.5
32,13,6.5
23,13,6.5
22,13,6.5
31,14,6.5
20,12,6.5
28,13,6.5
29,13,6.5
37,12,6.5
23,12,6.5
26,12,6.5
48,12,6.5
40,12,6.5
28,13,6.5
45,18,6.5
21,13,6.5
24,13,6.5
20,12,6.5
24,14,6.5
26,13,6.5
35,12,6.5
55,8,6.5
24,13,6.5
38,13,6.5
18,11,6.5
30,13,6.5
32,12,6.5
28,13,6.5
20,10,6.5
60,13,6.5
22,13,6.5
50,12,6.5
30,13,6.5
24,12,6.5
46,12,6.5
22,16,6.5
36,12,6.5
46,12,6.5
28,12,6.5
42,13,6.5
59,12,6.5
48,12,6.5
57,13,6.5
24,16,6.5
35,12,6.5
38,12,6.5
28,12,6.5
38,12,6.5
21,12,6.5
29,11,6.5
39,12,6.5
34,13,6.5
43,13,6.5
27,13,6.5
46,13,6.5
19,12,6.5
46,11.5,6.5
18,10,6.5
28,12,6.5
23,16,6.5
31,12,6.5
40,13,6.5
45,13,6.5
44,12,6.5
22,13,6.5
29,12,6.5
39,12,6.5
23,12,6.5
33,12,6.5
22,12,6.5
27,8,6.5
30,13,6.5
44,8,6.5
30,12,6.5
22,13,6.5
39,11.5,6.5
54,11,6.5
27,16,6.5
37,12,6.5
25,13,6.5
46,12,6.5
25,12,6.5
37,12,6.5
61,12,6.5
28,13,6.5
43,12,6.5
32,12,6.5
37,12,6.5
58,13,6.5
30,12,6.52
32,13,6.53
25,9,6.53
19,10,6.53
32,12,6.55
41,12,6.55
39,13,6.55
24,12,6.55
21,13,6.55
22,12,6.55
32,12,6.56
41,13,6.58
36,14,6.58
46,13,6.58
52,14,6.6
45,13,6.6
62,12,6.6
42,12,6.6
23,12,6.6
20,13,6.6
25,12,6.6
53,12,6.64
28,13,6.65
60,12,6.65
21,13,6.65
54,13,6.65
29,11,6.69
31,9,6.69
28,12,6.7
33,12,6.7
30,14,6.7
37,12,6.7
45,13,6.7
46,12,6.7
40,12,6.7
39,11,6.7
36,10,6.7
31,12,6.7
28,12,6.7
43,16,6.7
35,13,6.7
60,13,6.7
30,16,6.72
33,16,6.72
20,12,6.73
23,12,6.73
29,11,6.75
26,12,6.75
56,8,6.75
49,13,6.75
60,12,6.75
48,12,6.75
26,16,6.75
53,12,6.75
27,12,6.75
21,12,6.75
23,13,6.75
20,13,6.75
29,12,6.75
36,12,6.75
46,12,6.75
23,13,6.75
25,16,6.75
23,13,6.75
50,16,6.75
25,13,6.75
47,12,6.75
43,12,6.75
38,12,6.75
29,12,6.75
35,12,6.75
58,11,6.75
21,12,6.75
31,11,6.75
26,12,6.75
26,16,6.75
27,16,6.75
33,16,6.75
31,8,6.75
26,16,6.75
30,13,6.75
29,13,6.75
31,12,6.75
46,16,6.75
58,12,6.75
24,12,6.75
60,12,6.78
53,13,6.79
32,10,6.8
34,13,6.8
41,9,6.81
38,8,6.81
40,12,6.83
20,12,6.84
34,12,6.85
40,13,6.85
33,14,6.85
45,12,6.85
20,12,6.85
20,12,6.85
55,12,6.86
38,12,6.87
47,13,6.87
31,8,6.87
25,13,6.89
30,13,6.89
57,12,6.9
32,13,6.9
38,12,6.9
39,12,6.9
44,16,6.9
56,12,6.9
23,12,6.9
50,12,6.9
33,12,6.91
48,11.5,6.91
38,12,6.92
34,13,6.95
55,13,6.95
40,11,6.95
32,12,6.95
53,8,6.95
19,13,6.95
25,12,6.95
40,12,6.95
33,13,6.95
19,13,6.95
18,12,6.95
61,12,6.95
57,12,6.95
37,12,6.96
63,8,6.97
25,16,7
33,12,7
60,12,7
49,8,7
47,8,7
25,13,7
38,12,7
44,12,7
49,13,7
51,11.5,7
49,8,7
41,12,7
24,12,7
26,16,7
22,12,7
41,12,7
32,12,7
31,13,7
48,8,7
34,13,7
28,11,7
35,12,7
64,12,7
35,13,7
26,8,7
38,16,7
40,16,7
23,12,7
38,12,7
20,12,7
36,12,7
25,12,7
32,13,7
47,12,7
30,12,7
50,13,7
33,9,7
19,11.5,7
25,13,7
26,13,7
28,13,7
40,12,7
19,12,7
57,12,7
32,16,7
24,12,7
45,13,7
16,10,7
26,13,7
30,8,7
25,12,7
20,13,7
23,13,7
35,16,7
31,8,7
17,12,7
36,8,7
33,12,7
27,9,7
26,12,7
44,8,7
19,13,7
38,8,7
37,8,7
31,8,7
28,13,7
36,13,7
61,12,7
26,16,7
38,16,7
31,13,7
20,12,7
23,16,7
39,12,7
29,13,7
25,13,7
21,13,7
16,10,7
32,12,7
27,12,7
23,16,7
35,13,7
30,16,7
28,16,7
41,14,7
63,10,7
26,10,7
35,16,7
24,12,7
53,12,7
52,9,7
34,12,7
49,16,7
54,12,7
50,12,7
37,13,7
28,12,7
53,12,7
48,13,7
49,12,7
21,13,7
21,8,7
61,13,7
21,13,7
29,12,7
32,12,7
37,16,7
52,11.5,7
22,12,7
19,12,7
31,13,7
27,13,7
28,14,7
57,13,7
35,16,7
33,12,7
28,12,7
25,13,7
52,12,7
31,8,7
31,13,7
20,12,7
20,13,7
24,12,7
30,12,7
46,13,7
21,11,7
21,13,7
21,13,7
38,16,7
30,12,7
34,12,7
19,12,7
53,13,7
51,11,7
49,12,7
39,16,7
19,13,7
47,11,7
34,13,7
54,12,7
31,13,7
21,13,7
51,13,7
22,12,7
23,13,7
49,13,7
34,10,7
37,8,7
34,13,7
43,12,7
49,13,7
21,13,7
24,13,7
23,16,7
20,13,7
38,12,7
26,11,7
47,8,7
25,13,7
52,10,7
23,12,7
22,12,7
21,13,7
37,16,7
37,16,7
18,13,7
24,13,7
24,12,7
33,13,7
35,12,7
35,13,7
49,12,7
35,11,7
40,12,7
31,12,7
24,16,7
48,13,7
21,12,7
28,12,7
31,10,7
23,12,7
22,13,7
42,12,7
22,12,7
26,13,7
30,13,7
23,12,7
24,13,7
58,8,7
20,13,7
19,12,7
29,13,7
33,12,7
40,12,7
38,12,7
45,13,7
29,16,7
40,13,7
65,11.5,7
62,10,7
20,12,7
24,16,7
59,13,7
41,12,7
37,13,7
20,13,7
32,12,7
34,12,7
56,12,7
22,14,7
22,13,7
47,11,7
56,12,7
32,12,7
44,13,7
39,12,7
37,12,7
54,13,7
20,13,7
34,12,7
44,14,7
46,12,7
46,12,7
25,13,7
25,11,7
21,13,7
32,12,7
54,12,7
38,13,7
59,12,7
44,16,7
37,16,7
46,11,7
61,13,7
23,12,7
56,16,7
24,12,7
30,18,7
48,10,7
32,12,7
26,12,7
50,12,7
39,11,7
30,13,7
37,16,7
28,8,7
48,8,7
22,14,7
29,12,7
27,13,7
31,12,7
49,12,7
36,11.5,7
32,13,7
38,12,7
35,12,7
32,13,7
55,12,7
24,13,7
49,9,7
32,12,7
34,12,7
17,11,7
26,13,7
56,12,7
25,12,7
28,11,7
24,16,7
17,10,7
51,13,7
51,12,7
63,8,7
29,13,7
41,14,7
47,16,7
59,8,7
18,12,7
29,12,7
37,12,7
22,12,7
42,18,7
63,9,7
34,9,7
31,16,7
38,13,7
34,13,7
64,13,7
25,16,7
52,13,7
22,16,7
37,12,7
20,13,7
47,16,7
18,12,7
41,16,7
60,12,7
32,12,7
34,12,7
25,12,7
28,12,7
26,16,7
29,11,7
43,12,7
24,12,7
34,13,7
34,12,7
33,12,7
27,16,7
26,8,7
54,12,7
34,10,7
27,8,7
39,16,7
40,12,7
37,12,7
29,12,7
23,11,7
32,13,7
24,12,7
45,12,7
28,12,7
59,18,7
60,12,7
25,12,7
59,13,7
20,12,7
22,12,7
38,13,7
20,12,7
49,11,7
23,12,7
37,9,7
24,12,7
20,11,7
26,12,7
53,13,7
20,13,7
29,12,7
28,12,7
26,13,7
24,16,7
23,16,7
23,12,7
28,16,7
21,12,7
28,9,7
53,8,7
33,13,7
55,11,7
24,12,7
21,13,7
21,13,7
18,12,7
54,11.5,7
31,16,7
35,14,7
61,12,7
24,12,7
61,12,7
26,14,7
49,8,7
21,13,7
59,12,7
46,12,7
31,14,7
23,13,7
56,10,7
24,12,7
46,12,7
22,12,7
37,13,7
40,16,7.01
27,13,7.01
38,12,7.02
57,12,7.03
26,13,7.05
45,16,7.05
39,12,7.05
27,13,7.1
30,12,7.1
37,13,7.1
63,14,7.1
51,12,7.1
60,18,7.1
40,13,7.1
53,12,7.12
32,12,7.14
25,12,7.14
50,14,7.15
28,12,7.15
25,12,7.15
21,12,7.15
29,12,7.15
21,13,7.15
50,13,7.15
37,12,7.15
37,12,7.15
42,13,7.15
19,10,7.15
49,12,7.15
20,12,7.15
24,12,7.15
20,13,7.15
50,13,7.15
25,9,7.16
27,12,7.17
49,11.5,7.2
53,12,7.2
51,16,7.2
57,12,7.2
24,16,7.2
54,9,7.2
27,12,7.2
30,12,7.2
22,12,7.2
23,13,7.2
24,13,7.2
48,11,7.2
37,13,7.21
51,13,7.21
29,10,7.21
38,13,7.21
29,16,7.21
48,16,7.21
46,16,7.21
40,16,7.21
45,16,7.21
55,12,7.21
39,12,7.22
58,13,7.22
45,12,7.23
27,12,7.24
34,12,7.24
37,12,7.24
26,12,7.24
23,13,7.24
40,18,7.25
29,12,7.25
44,12,7.25
55,12,7.25
45,8,7.25
63,8,7.25
36,11,7.25
56,12,7.25
57,12,7.25
42,12,7.25
23,13,7.25
42,13,7.25
46,14,7.25
29,12,7.25
23,13,7.25
56,12,7.25
38,12,7.25
26,13,7.25
25,13,7.25
20,13,7.25
24,14,7.25
26,13,7.25
43,13,7.25
42,12,7.25
30,13,7.25
46,12,7.25
37,13,7.25
43,12,7.25
51,12,7.25
36,10,7.25
39,12,7.25
63,8,7.25
52,12,7.25
38,12,7.25
34,10,7.25
36,13,7.25
28,13,7.25
20,12,7.25
22,12,7.25
50,13,7.25
26,16,7.25
60,12,7.25
51,13,7.25
22,16,7.25
54,12,7.25
58,12,7.25
32,12,7.28
34,12,7.28
19,13,7.28
21,13,7.28
33,14,7.28
49,11.5,7.29
25,14,7.3
26,14,7.3
35,13,7.3
27,13,7.3
18,12,7.3
57,12,7.3
22,16,7.3
27,13,7.3
31,12,7.33
54,12,7.34
34,13,7.35
26,13,7.35
33,8,7.35
36,9,7.35
55,12,7.35
51,13,7.35
34,13,7.35
36,12,7.35
42,12,7.35
36,12,7.35
18,12,7.35
38,16,7.35
43,13,7.36
23,12,7.37
37,8,7.38
43,12,7.39
50,13,7.39
34,12,7.39
50,12,7.39
23,12,7.4
22,12,7.4
19,13,7.4
38,12,7.4
24,12,7.4
32,12,7.4
17,10,7.4
35,13,7.4
20,10,7.4
35,12,7.4
37,13,7.4
38,11,7.4
25,12,7.4
38,13,7.41
45,12,7.42
25,12,7.44
52,13,7.45
47,12,7.45
23,13,7.45
38,12,7.47
50,13,7.47
36,13,7.48
50,12,7.48
46,12,7.49
60,12,7.49
54,12,7.49
43,13,7.49
43,12,7.5
22,12,7.5
37,12,7.5
47,12,7.5
30,12,7.5
21,13,7.5
24,16,7.5
43,12,7.5
34,12,7.5
30,13,7.5
50,13,7.5
32,13,7.5
47,8,7.5
22,13,7.5
34,8,7.5
47,8,7.5
26,16,7.5
41,12,7.5
44,13,7.5
27,13,7.5
58,13,7.5
36,12,7.5
33,12,7.5
61,16,7.5
60,13,7.5
33,10,7.5
33,12,7.5
44,16,7.5
49,13,7.5
56,12,7.5
30,11.5,7.5
22,13,7.5
41,12,7.5
50,16,7.5
24,13,7.5
21,13,7.5
21,13,7.5
39,12,7.5
51,12,7.5
31,13,7.5
51,12,7.5
63,12,7.5
31,12,7.5
59,12,7.5
56,12,7.5
53,14,7.5
54,16,7.5
22,13,7.5
21,13,7.5
23,14,7.5
41,13,7.5
49,12,7.5
21,12,7.5
23,13,7.5
30,12,7.5
32,14,7.5
38,11,7.5
20,12,7.5
39,16,7.5
24,13,7.5
27,12,7.5
33,12,7.5
21,12,7.5
55,12,7.5
23,13,7.5
26,13,7.5
26,16,7.5
29,12,7.5
33,12,7.5
57,10,7.5
23,13,7.5
25,12,7.5
24,12,7.5
25,12,7.5
21,12,7.5
22,13,7.5
18,11,7.5
29,12,7.5
44,14,7.5
19,12,7.5
27,13,7.5
33,12,7.5
39,12,7.5
23,12,7.5
30,12,7.5
50,13,7.5
34,12,7.5
32,12,7.5
28,12,7.5
22,13,7.5
29,12,7.5
28,12,7.5
25,16,7.5
30,12,7.5
39,13,7.5
22,13,7.5
28,12,7.5
22,10,7.5
25,16,7.5
49,12,7.5
48,13,7.5
43,12,7.5
40,12,7.5
30,12,7.5
25,13,7.5
33,13,7.5
39,16,7.5
37,12,7.5
21,13,7.5
33,12,7.5
31,10,7.5
60,12,7.5
24,13,7.5
36,8,7.5
31,13,7.5
27,12,7.5
34,10,7.5
33,8,7.5
24,13,7.5
38,12,7.5
46,13,7.5
37,13,7.5
34,12,7.5
24,16,7.5
30,14,7.5
24,13,7.5
42,12,7.5
36,12,7.5
29,11,7.5
31,16,7.5
21,13,7.5
40,12,7.5
54,12,7.5
30,13,7.5
37,14,7.5
42,12,7.5
34,13,7.5
24,12,7.53
39,13,7.53
23,12,7.55
51,13,7.55
26,12,7.55
26,12,7.56
33,13,7.58
48,12,7.58
39,12,7.58
47,11.5,7.59
38,11,7.59
47,11,7.59
45,12,7.59
43,12,7.59
52,12,7.59
51,12,7.6
31,13,7.6
40,8,7.6
31,12,7.6
26,12,7.6
30,13,7.6
55,13,7.61
32,12,7.61
32,12,7.61
20,12,7.64
21,12,7.64
37,8,7.65
27,12,7.65
32,13,7.65
55,13,7.65
39,12,7.66
31,12,7.7
50,12,7.7
34,12,7.71
52,12,7.73
37,12,7.74
62,13,7.75
28,12,7.75
43,13,7.75
49,14,7.75
50,16,7.75
30,12,7.75
39,13,7.75
21,9,7.75
34,13,7.75
44,13,7.75
43,12,7.75
29,13,7.75
31,13,7.75
21,13,7.75
20,13,7.75
34,18,7.75
50,12,7.75
23,12,7.75
28,13,7.75
39,12,7.75
22,16,7.75
57,13,7.75
37,16,7.75
39,13,7.75
51,12,7.75
25,13,7.75
57,10,7.75
36,12,7.75
32,12,7.76
20,13,7.76
24,12,7.76
23,11,7.77
29,16,7.77
23,16,7.78
45,13,7.79
24,12,7.79
43,13,7.79
38,12,7.8
26,12,7.8
38,12,7.8
58,8,7.8
33,16,7.8
40,12,7.8
53,13,7.8
35,14,7.8
32,12,7.8
29,12,7.8
22,16,7.81
34,12,7.82
59,8,7.83
45,12,7.83
19,12,7.85
45,12,7.85
21,12,7.85
19,12,7.85
24,13,7.85
21,13,7.85
63,13,7.85
31,13,7.85
29,12,7.85
26,16,7.85
23,14,7.85
30,13,7.86
57,12,7.86
53,12,7.87
54,12,7.87
27,8,7.88
46,13,7.88
47,13,7.89
45,13,7.9
35,14,7.9
56,12,7.9
42,12,7.9
29,14,7.9
48,14,7.9
25,12,7.91
41,12,7.91
32,13,7.94
37,12,7.94
43,12,7.95
57,12,7.95
39,13,7.95
46,13,7.95
31,12,7.95
42,13,7.96
43,12,7.96
33,11.5,7.97
56,11.5,7.97
21,12,7.98
30,18,7.99
27,16,7.99
21,12,8
23,16,8
60,13,8
53,12,8
32,13,8
46,13,8
37,12,8
30,12,8
47,14,8
22,12,8
34,13,8
59,8,8
54,12,8
43,10,8
39,16,8
44,18,8
24,16,8
50,12,8
45,12,8
53,16,8
55,12,8
37,12,8
28,12,8
48,12,8
26,12,8
47,16,8
29,12,8
44,12,8
51,8,8
56,12,8
59,12,8
63,12,8
42,12,8
26,12,8
44,12,8
40,14,8
22,13,8
34,12,8
61,13,8
41,12,8
53,12,8
36,8,8
53,12,8
29,13,8
25,14,8
35,12,8
19,12,8
45,14,8
18,13,8
44,16,8
42,12,8
46,13,8
27,13,8
29,13,8
46,8,8
26,12,8
32,13,8
40,16,8
56,9,8
56,13,8
24,8,8
27,10,8
64,12,8
35,16,8
54,10,8
43,8,8
29,12,8
25,13,8
40,12,8
22,16,8
26,13,8
26,16,8
26,13,8
39,8,8
26,12,8
63,11,8
23,12,8
29,12,8
29,12,8
23,13,8
43,13,8
30,13,8
49,16,8
60,16,8
62,12,8
43,8,8
42,8,8
45,16,8
44,12,8
27,12,8
27,12,8
22,12,8
40,16,8
55,12,8
56,16,8
46,12,8
24,18,8
42,12,8
25,11,8
27,12,8
24,12,8
40,12,8
21,12,8
22,13,8
26,16,8
49,18,8
31,12,8
62,12,8
48,18,8
58,13,8
51,11,8
40,12,8
41,13,8
36,14,8
22,13,8
61,12,8
33,11.5,8
23,16,8
40,11,8
29,13,8
60,13,8
24,10,8
42,13,8
32,12,8
21,13,8
40,12,8
27,16,8
39,13,8
22,16,8
30,13,8
22,13,8
22,16,8
42,11,8
27,13,8
26,16,8
22,13,8
42,13,8
27,12,8
64,12,8
50,13,8
64,9,8
47,8,8
33,12,8
37,13,8
59,13,8
27,12,8
26,12,8
43,13,8
31,12,8
43,12,8
26,12,8
25,12,8
25,13,8
45,13,8
49,12,8
23,14,8
24,13,8
47,13,8
36,12,8
30,12,8
24,12,8
39,12,8
45,12,8
43,13,8
51,13,8
39,12,8
38,12,8
36,12,8
18,13,8
30,16,8
42,12,8
43,12,8
32,12,8
43,12,8
21,12,8
35,11.5,8
24,16,8
32,8,8
46,11,8
20,12,8
24,16,8
29,12,8
25,13,8
52,12,8
43,12,8
50,16,8
63,12,8
29,12,8
50,12,8
30,13,8
56,12,8
49,12,8
18,12,8
23,13,8
28,13,8
23,16,8
25,12,8
23,12,8
24,12,8
61,14,8
60,10,8
19,12,8
46,12,8
35,12,8
44,12,8
26,16,8
19,12,8
62,18,8
44,13,8
40,11,8
39,13,8
40,13,8
28,16,8
25,13,8
26,13,8
40,12,8
36,13,8
25,13,8
32,13,8
41,13,8
42,12,8
31,12,8
43,12,8
30,12,8
32,12,8
20,12,8
37,12,8
57,12,8
20,12,8
32,13,8
43,12,8
35,12,8
27,11,8
29,12,8
51,16,8
35,13,8
42,12,8
22,16,8
52,16,8
24,12,8
48,12,8
58,12,8
59,12,8
44,14,8
44,13,8
50,16,8
31,12,8
35,13,8
23,12,8
38,13,8
61,12,8
46,13,8
49,12,8
34,12,8
20,13,8
40,12,8
51,12,8
21,12,8
53,13,8
27,12,8
17,11,8
59,12,8
54,12,8
63,12,8
27,12,8
21,8,8
25,8,8
30,12,8
32,12,8
28,12,8
55,11,8
27,12,8
34,12,8
38,12,8
47,10,8
22,13,8
42,13,8
26,12,8
43,12,8
31,12,8
30,13,8
65,12,8
58,12,8
24,13,8
64,18,8
30,12,8
57,12,8
55,12,8
43,12,8
29,12,8
38,13,8
41,12,8
57,10,8
62,12,8
23,12,8
35,12,8
58,12,8
29,12,8
21,12,8
30,12,8
53,10,8
29,10,8
50,8,8
21,13,8
18,11,8
29,12,8
22,8,8
33,16,8
40,14,8
59,12,8
45,12,8
46,12,8
38,12,8
17,11,8
37,18,8
45,12,8
43,12,8
20,12,8
32,8,8
50,12,8
24,16,8
40,12,8
43,12,8
22,12,8
32,12,8
46,12,8
41,12,8
43,13,8
19,13,8
60,12,8
35,12,8
38,12,8
31,12,8
46,13,8
34,12,8
52,13,8
41,13,8
29,12,8
31,12,8
31,10,8
59,12,8
25,13,8
26,12,8
26,12,8
50,10,8
27,13,8
55,13,8
40,9,8
21,12,8
43,12,8
44,8,8
21,11,8
53,8,8
45,16,8
30,13,8
61,12,8
44,12,8
36,13,8
28,13,8
23,13,8
42,12,8
28,13,8
23,13,8
25,16,8
53,13,8
43,12,8
41,16,8
47,8,8
49,13,8
21,12,8
61,14,8
23,13,8
23,13,8
31,13,8
52,8,8
21,12,8
22,16,8
56,12,8
19,13,8
39,12,8
41,13,8
44,12,8
24,12,8
31,12,8
20,12,8.01
52,12,8.01
53,13,8.01
20,12,8.05
37,12,8.05
23,13,8.05
22,13,8.05
34,12,8.05
61,12,8.06
36,12,8.06
40,12,8.06
18,12,8.06
48,16,8.06
34,13,8.06
28,13,8.07
25,12,8.1
60,12,8.1
55,12,8.1
33,12,8.1
30,12,8.12
37,12,8.12
41,12,8.12
51,10,8.12
35,12,8.13
36,13,8.13
38,12,8.15
35,8,8.15
42,12,8.15
21,9,8.15
28,13,8.16
32,12,8.16
30,9,8.18
29,14,8.19
55,8,8.2
52,8,8.2
40,12,8.2
38,12,8.2
50,12,8.2
44,12,8.2
30,10,8.2
27,13,8.21
28,12,8.21
28,13,8.21
39,12,8.22
53,11,8.23
59,16,8.23
39,13,8.24
45,18,8.25
23,13,8.25
29,8,8.25
57,8,8.25
26,12,8.25
61,16,8.25
36,13,8.25
37,12,8.25
52,13,8.25
35,12,8.25
64,13,8.25
25,14,8.25
44,12,8.25
44,13,8.25
36,10,8.25
42,18,8.25
32,12,8.25
49,16,8.25
51,16,8.25
40,16,8.25
47,12,8.25
42,13,8.25
41,12,8.25
31,12,8.25
47,12,8.25
46,12,8.25
56,12,8.25
46,12,8.25
26,13,8.26
54,8,8.29
53,8,8.29
33,12,8.3
43,12,8.3
20,12,8.3
40,12,8.3
64,12,8.32
38,12,8.32
34,13,8.32
34,13,8.32
39,12,8.32
45,13,8.33
36,12,8.33
32,13,8.33
28,12,8.33
40,12,8.33
33,12,8.34
25,12,8.34
43,13,8.34
43,14,8.34
27,12,8.35
35,12,8.35
57,9,8.35
38,13,8.35
47,12,8.35
50,12,8.35
36,12,8.37
42,12,8.39
39,12,8.39
25,13,8.4
31,16,8.4
43,12,8.4
30,13,8.4
43,12,8.4
53,12,8.4
35,13,8.4
39,16,8.4
35,12,8.4
25,12,8.4
29,13,8.4
33,12,8.4
36,13,8.4
29,13,8.4
36,13,8.4
39,13,8.41
20,12,8.41
21,12,8.41
46,12,8.41
47,12,8.41
34,12,8.42
26,12,8.42
29,12,8.42
34,13,8.42
39,13,8.43
38,12,8.43
37,12,8.45
22,13,8.45
32,12,8.45
29,12,8.45
41,13,8.46
35,12,8.47
58,13,8.48
34,13,8.49
31,14,8.49
58,12,8.5
25,12,8.5
37,12,8.5
36,13,8.5
24,12,8.5
43,12,8.5
44,14,8.5
46,12,8.5
37,12,8.5
43,12,8.5
46,8,8.5
33,12,8.5
56,16,8.5
28,12,8.5
29,12,8.5
32,12,8.5
31,13,8.5
35,14,8.5
45,13,8.5
23,12,8.5
19,11.5,8.5
22,16,8.5
22,10,8.5
27,16,8.5
57,12,8.5
46,13,8.5
36,16,8.5
25,13,8.5
29,12,8.5
25,12,8.5
24,13,8.5
29,14,8.5
51,12,8.5
34,12,8.5
29,10,8.5
21,12,8.5
65,16,8.5
19,13,8.5
44,13,8.5
45,12,8.5
53,12,8.5
54,12,8.5
27,13,8.5
26,16,8.5
48,12,8.5
42,12,8.5
41,13,8.5
32,12,8.5
29,12,8.5
51,12,8.5
34,12,8.5
22,13,8.5
55,13,8.5
23,14,8.5
28,13,8.5
39,13,8.5
37,12,8.5
24,16,8.5
25,13,8.5
32,12,8.5
21,12,8.5
43,16,8.5
57,8,8.5
23,13,8.5
46,16,8.5
23,13,8.5
45,12,8.5
51,12,8.5
37,16,8.5
31,9,8.5
38,14,8.5
30,13,8.5
43,16,8.5
41,13,8.5
39,12,8.5
29,12,8.5
43,13,8.5
20,11,8.5
26,12,8.5
19,13,8.5
33,12,8.5
37,9,8.5
24,16,8.5
54,13,8.5
21,12,8.5
35,13,8.5
22,13,8.5
45,12,8.5
34,13,8.5
41,12,8.5
21,13,8.5
39,13,8.5
25,12,8.5
47,13,8.5
51,13,8.5
38,12,8.5
23,12,8.5
31,13,8.5
21,13,8.5
23,13,8.5
30,12,8.5
23,13,8.5
41,12,8.5
50,16,8.5
26,13,8.5
19,12,8.5
28,12,8.5
49,12,8.5
20,13,8.5
31,13,8.5
33,12,8.5
26,16,8.5
26,12,8.5
27,16,8.5
45,12,8.5
48,16,8.5
59,13,8.5
28,13,8.5
61,12,8.5
55,10,8.5
39,12,8.5
32,12,8.5
31,13,8.5
32,13,8.52
40,12,8.53
35,9,8.54
42,12,8.55
22,13,8.55
30,16,8.55
32,13,8.55
26,16,8.57
53,12,8.58
36,13,8.58
40,16,8.58
35,12,8.59
36,11,8.59
42,12,8.59
39,10,8.59
37,13,8.59
36,12,8.59
63,11,8.6
36,12,8.6
22,13,8.6
23,11,8.6
18,11,8.6
28,16,8.6
47,9,8.6
35,12,8.6
37,12,8.6
32,13,8.6
32,12,8.6
50,10,8.6
29,16,8.6
29,16,8.6
25,13,8.61
42,12,8.62
28,16,8.62
27,11,8.63
47,16,8.65
29,13,8.65
41,12,8.65
29,12,8.65
51,13,8.65
42,12,8.65
26,12,8.65
48,14,8.65
33,13,8.65
39,10,8.65
40,13,8.65
32,13,8.67
49,12,8.68
24,14,8.69
23,13,8.69
37,12,8.7
43,16,8.7
42,12,8.7
33,12,8.7
53,11,8.72
44,11,8.75
32,12,8.75
51,12,8.75
33,12,8.75
39,12,8.75
37,12,8.75
22,13,8.75
28,12,8.75
31,18,8.75
61,9,8.75
24,12,8.75
19,13,8.75
24,12,8.75
36,12,8.75
24,13,8.75
37,13,8.75
39,12,8.75
31,12,8.75
45,12,8.75
22,16,8.75
38,11,8.75
61,12,8.75
48,16,8.75
29,12,8.75
36,14,8.75
21,13,8.75
50,13,8.75
19,8,8.75
36,12,8.75
27,12,8.75
44,9,8.75
34,16,8.75
32,12,8.75
54,16,8.75
42,12,8.75
22,12,8.75
24,13,8.75
49,13,8.75
27,13,8.75
38,12,8.77
26,16,8.78
31,13,8.78
30,12,8.78
26,13,8.78
30,12,8.79
57,12,8.8
31,12,8.8
30,10,8.8
20,13,8.8
27,13,8.8
60,13,8.81
36,12,8.81
55,12,8.81
32,12,8.82
44,12,8.84
35,11,8.84
45,13,8.85
51,12,8.85
44,12,8.85
41,12,8.85
29,12,8.87
33,12,8.87
33,8,8.87
43,12,8.87
55,8,8.89
29,12,8.89
30,12,8.9
25,11,8.9
23,13,8.9
24,12,8.9
48,13,8.9
25,12,8.9
43,13,8.9
50,11,8.9
31,13,8.9
30,12,8.91
30,13,8.91
27,10,8.92
34,16,8.95
44,13,8.95
39,12,8.95
29,12,8.95
33,14,8.95
22,12,8.95
22,14,8.95
28,12,8.96
57,12,8.97
23,12,8.99
27,13,8.99
21,13,8.99
46,13,9
36,12,9
48,12,9
37,13,9
21,12,9
51,11,9
41,12,9
29,16,9
22,16,9
20,8,9
34,12,9
23,12,9
22,12,9
50,13,9
37,16,9
24,13,9
53,12,9
28,12,9
25,12,9
50,12,9
38,12,9
39,12,9
63,8,9
55,13,9
52,12,9
53,13,9
31,12,9
50,12,9
48,12,9
37,12,9
55,12,9
22,14,9
51,13,9
46,13,9
36,13,9
36,12,9
30,16,9
56,11,9
33,12,9
47,12,9
42,12,9
52,12,9
51,12,9
31,12,9
47,11.5,9
23,13,9
29,13,9
26,12,9
50,8,9
28,14,9
46,8,9
47,10,9
46,10,9
23,11.5,9
25,13,9
21,16,9
44,13,9
34,12,9
27,16,9
33,16,9
24,16,9
37,8,9
27,12,9
51,8,9
31,12,9
26,12,9
21,13,9
40,13,9
35,13,9
43,12,9
47,16,9
27,11,9
40,12,9
30,12,9
44,13,9
24,16,9
24,13,9
57,13,9
27,12,9
30,12,9
47,12,9
30,12,9
50,12,9
24,12,9
30,12,9
33,14,9
46,12,9
24,12,9
30,13,9
37,12,9
52,13,9
54,12,9
64,12,9
42,12,9
32,13,9
41,12,9
44,13,9
37,13,9
32,16,9
31,16,9
36,12,9
19,13,9
29,12,9
50,13,9
39,12,9
28,12,9
30,13,9
24,12,9
50,12,9
38,13,9
24,12,9
27,14,9
28,12,9
41,12,9
46,13,9
30,12,9
29,16,9
48,13,9
26,13,9
23,13,9
28,13,9
27,16,9
29,13,9
52,12,9
20,13,9
24,12,9
49,16,9
26,13,9
58,10,9
35,12,9
27,12,9
42,12,9
25,12,9
23,13,9
25,13,9
30,16,9
24,12,9
31,12,9
32,13,9
24,13,9
25,16,9
35,12,9
44,12,9
46,12,9
25,13,9
26,12,9
51,13,9
31,12,9
40,10,9
57,12,9
42,13,9
44,12,9
38,13,9
38,13,9
27,12,9
24,12,9
60,12,9
32,12,9
40,16,9
39,13,9
21,12,9
45,13,9
34,16,9
59,13,9
50,11,9
57,9,9
35,13,9
36,12,9
25,13,9
40,12,9
30,16,9
31,12,9
23,12,9
39,11,9
23,16,9
37,12,9
35,9,9
23,13,9
24,16,9
57,13,9
22,12,9
55,12,9
32,12,9
26,12,9
23,14,9
41,13,9
36,12,9
40,14,9
34,13,9
32,12,9
24,16,9
53,12,9
39,13,9
35,12,9
53,12,9
36,12,9
27,12,9
42,12,9
53,12,9
40,16,9
34,16,9
34,12,9
25,13,9
42,18,9
19,12,9
52,8,9
32,9,9
26,12,9
24,12,9
39,12,9
47,12,9
37,12,9
38,16,9
20,13,9
43,11,9
44,12,9
52,13,9
36,12,9
49,8,9
22,12,9
32,12,9
25,12,9
41,13,9
46,13,9
37,12,9
44,13,9
37,13,9
20,13,9
30,13,9
39,16,9
42,18,9
27,13,9
33,12,9
40,13,9
25,12,9
23,13,9
33,12,9
20,12,9
50,12,9
56,13,9
41,16,9
54,8,9.01
46,12,9.02
42,13,9.02
31,12,9.02
36,12,9.02
24,10,9.03
28,12,9.04
22,11,9.04
29,12,9.05
20,13,9.05
24,12,9.05
60,10,9.06
47,10,9.08
48,8,9.08
52,12,9.1
31,16,9.1
29,16,9.1
32,12,9.1
41,14,9.1
43,13,9.1
33,16,9.1
34,16,9.11
29,12,9.11
26,13,9.13
52,8,9.13
25,13,9.13
30,13,9.13
45,12,9.13
35,13,9.15
28,12,9.15
34,12,9.15
44,12,9.15
46,16,9.15
29,13,9.15
45,14,9.16
37,12,9.16
33,13,9.16
26,13,9.16
46,12,9.17
26,11,9.17
46,12,9.18
55,11,9.18
34,10,9.19
40,16,9.2
57,12,9.2
47,13,9.2
36,12,9.2
24,16,9.2
35,13,9.2
28,13,9.2
30,12,9.23
41,12,9.23
24,13,9.25
35,14,9.25
28,13,9.25
31,13,9.25
31,12,9.25
62,12,9.25
51,12,9.25
61,10,9.25
26,13,9.25
43,12,9.25
25,12,9.25
42,12,9.25
23,12,9.25
22,13,9.25
35,12,9.25
45,12,9.25
45,12,9.25
37,12,9.25
53,9,9.26
27,13,9.27
26,12,9.27
35,11,9.27
55,8,9.27
23,16,9.27
31,12,9.28
44,12,9.3
43,13,9.3
44,12,9.3
48,12,9.3
34,12,9.3
52,12,9.3
34,12,9.31
38,12,9.31
39,13,9.31
42,12,9.32
31,12,9.33
50,12,9.34
53,12,9.34
42,12,9.34
48,13,9.34
47,12,9.34
36,12,9.34
26,13,9.35
27,13,9.35
35,13,9.35
28,12,9.35
33,12,9.35
38,12,9.35
22,13,9.35
46,12,9.35
33,12,9.35
36,13,9.35
40,12,9.38
30,16,9.38
33,16,9.38
53,16,9.4
51,12,9.4
47,13,9.4
30,13,9.42
31,14,9.43
24,12,9.43
43,12,9.44
36,12,9.44
44,12,9.44
49,12,9.44
38,12,9.44
30,10,9.44
40,12,9.44
37,13,9.44
39,12,9.45
39,12,9.45
53,13,9.45
39,13,9.45
54,12,9.45
48,10,9.45
47,12,9.45
35,12,9.45
40,13,9.45
27,12,9.46
26,12,9.46
54,12,9.5
50,12,9.5
27,13,9.5
35,12,9.5
54,13,9.5
56,13,9.5
39,12,9.5
41,11.5,9.5
35,16,9.5
47,12,9.5
23,14,9.5
26,16,9.5
47,13,9.5
38,13,9.5
53,13,9.5
41,13,9.5
35,13,9.5
23,13,9.5
42,13,9.5
55,13,9.5
56,9,9.5
40,12,9.5
30,12,9.5
25,12,9.5
26,13,9.5
39,12,9.5
40,10,9.5
49,12,9.5
39,12,9.5
49,12,9.5
40,13,9.5
47,12,9.5
25,16,9.5
37,10,9.5
50,12,9.5
25,12,9.5
45,12,9.5
28,13,9.5
49,14,9.5
55,11,9.5
53,12,9.5
33,12,9.5
54,13,9.5
41,12,9.5
25,12,9.5
59,12,9.5
29,13,9.5
44,13,9.5
59,8,9.5
48,12,9.5
38,13,9.5
28,12,9.5
61,8,9.5
26,13,9.52
34,14,9.52
31,12,9.53
42,13,9.53
28,13,9.55
43,8,9.6
34,9,9.6
22,13,9.6
21,13,9.6
23,12,9.6
20,12,9.6
52,9,9.6
25,13,9.6
40,13,9.6
23,13,9.6
24,16,9.61
24,16,9.61
24,18,9.61
35,12,9.63
25,12,9.65
45,13,9.65
35,12,9.65
41,13,9.66
27,12,9.67
34,11,9.67
43,12,9.67
33,12,9.67
47,12,9.68
50,12,9.68
46,16,9.69
55,12,9.69
43,13,9.7
44,12,9.7
36,12,9.7
36,12,9.7
32,13,9.7
38,13,9.71
52,13,9.71
27,12,9.71
38,12,9.72
57,13,9.74
59,13,9.74
26,12,9.74
23,12,9.75
44,12,9.75
31,16,9.75
31,16,9.75
54,18,9.75
57,12,9.75
61,12,9.75
63,12,9.75
25,13,9.75
38,12,9.75
38,12,9.75
38,16,9.75
45,11,9.75
56,12,9.75
27,13,9.75
27,10,9.75
28,13,9.75
30,12,9.77
33,12,9.77
56,8,9.78
46,13,9.78
35,9,9.78
24,13,9.8
57,9,9.8
34,13,9.8
26,13,9.8
38,13,9.8
48,13,9.8
36,12,9.8
33,12,9.8
55,10,9.81
34,12,9.81
29,9,9.85
32,12,9.85
35,12,9.85
32,12,9.85
49,12,9.85
49,9,9.85
43,13,9.85
30,12,9.85
54,12,9.85
38,12,9.86
43,12,9.87
50,13,9.88
52,12,9.88
25,13,9.89
49,12,9.9
58,12,9.93
30,12,9.93
25,13,9.94
28,12,9.94
31,13,9.94
30,12,9.95
33,13,9.95
47,13,9.95
50,13,9.95
45,13,9.95
23,12,9.95
30,16,9.95
31,9,9.95
30,12,9.95
42,9,9.98
64,12,9.99
31,12,10
52,12,10
50,12,10
47,13,10
22,13,10
53,13,10
46,13,10
39,14,10
50,12,10
55,12,10
62,12,10
24,16,10
52,8,10
44,12,10
53,8,10
52,10,10
54,13,10
22,16,10
43,13,10
34,13,10
22,12,10
37,13,10
27,11.5,10
46,13,10
37,10,10
50,16,10
37,13,10
41,9,10
30,12,10
28,12,10
54,12,10
26,12,10
24,12,10
51,12,10
43,13,10
38,12,10
32,12,10
25,13,10
60,9,10
23,12,10
59,8,10
46,12,10
35,13,10
56,13,10
56,12,10
53,12,10
32,16,10
47,12,10
47,9,10
22,14,10
56,13,10
36,12,10
32,12,10
37,12,10
38,12,10
50,8,10
39,12,10
49,11.5,10
39,16,10
40,12,10
32,13,10
34,13,10
26,13,10
27,12,10
48,12,10
52,12,10
42,13,10
24,13,10
57,9,10
52,13,10
26,13,10
46,12,10
30,13,10
20,13,10
34,12,10
48,13,10
38,16,10
26,12,10
51,13,10
44,13,10
24,13,10
45,13,10
29,12,10
36,12,10
43,10,10
53,16,10
45,12,10
30,12,10
27,13,10
28,12,10
28,12,10
48,11,10
26,13,10
45,16,10
30,12,10
35,13,10
34,16,10
34,13,10
21,12,10
54,12,10
24,12,10
60,13,10
37,12,10
35,13,10
28,12,10
37,13,10
31,12,10
37,11,10
52,12,10
21,14,10
29,12,10
38,12,10
26,14,10
33,13,10
23,13,10
40,18,10
24,9,10
43,12,10
24,12,10
33,16,10
49,12,10
36,16,10
29,12,10
42,13,10
46,16,10
31,12,10
37,9,10
19,13,10
41,14,10
35,13,10
35,12,10
31,16,10
42,16,10
34,16,10
65,13,10
39,11,10
39,8,10
37,12,10
36,12,10
27,14,10
44,12,10
50,8,10
47,18,10
42,10,10
37,18,10
34,13,10
43,13,10
42,13,10
27,12,10
47,12,10
44,16,10
52,18,10
40,16,10
26,13,10
27,11,10
45,12,10
34,12,10
50,12,10
27,12,10
48,16,10
40,13,10
36,10,10
30,12,10
56,12,10
45,13,10
35,12,10
37,12,10
32,12,10
53,8,10
55,13,10
39,13,10
42,12,10
25,14,10
31,11,10
39,12,10
33,12,10
45,12,10
58,8,10
41,14,10
58,13,10
25,12,10
31,13,10
31,16,10
62,12,10
43,13,10
32,8,10
32,12,10
21,12,10
33,12,10
27,12,10
34,14,10
28,13,10
30,16,10
24,16,10
45,13,10
38,12,10
38,14,10
51,13,10
22,13,10
36,11,10
34,13,10
20,13,10
22,12,10
61,9,10
50,13,10
48,12,10
34,12,10
34,13,10
40,13,10
38,13,10
58,12,10
36,12,10
50,13,10
44,12,10
39,12,10
29,13,10
57,12,10
29,12,10
28,13,10
42,16,10
51,8,10
39,13,10
39,16,10
45,12,10
37,11,10
46,12,10
24,16,10
47,12,10
26,16,10
43,13,10
55,13,10
35,12,10
38,12,10
48,12,10
36,12,10
34,8,10
31,8,10
29,14,10
45,18,10
58,12,10
39,16,10
32,13,10
40,12,10
49,13,10
43,12,10
45,11,10
54,13,10
34,12,10
46,12,10
47,11,10
45,13,10
56,13,10
53,12,10
40,16,10
44,14,10
46,14,10
34,11,10
23,12,10
31,8,10
32,13,10
43,13,10
44,13,10
27,13,10
37,13,10
42,13,10
52,12,10
23,16,10
57,10,10
39,13,10
43,9,10
50,10,10
54,12,10
48,12,10
25,12,10
46,13,10
48,13,10
47,12,10
30,12,10
41,12,10
53,10,10
45,12,10
35,12,10
37,13,10
45,12,10
47,16,10
40,13,10
48,13,10
41,12,10
22,13,10
24,12,10
36,12,10
43,12,10
31,12,10
56,12,10
41,13,10
43,11,10
57,12,10
35,13,10
32,12,10
32,12,10
40,12,10
25,12,10
49,13,10
28,12,10
33,13,10
30,13,10
27,12,10
50,12,10
32,12,10
34,12,10
35,13,10
32,13,10
38,12,10
61,12,10
47,12,10
40,12,10
30,12,10
57,9,10
21,13,10
38,10,10
36,12,10
26,13,10
23,13,10
37,12,10
38,11.5,10
26,13,10
32,12,10
47,13,10
34,12,10
35,11,10
27,16,10
34,16,10
22,13,10
33,16,10
45,16,10
24,12,10
43,13,10
27,18,10
48,12,10
29,12,10
20,13,10
34,16,10
25,16,10
42,12,10
44,13,10
48,13,10
40,14,10
40,16,10
46,16,10
30,12,10
26,13,10
53,12,10
38,12,10
47,12,10
48,13,10
61,10,10
34,12,10
37,13,10
39,12,10
35,13,10
56,12,10.02
40,12,10.03
37,13,10.03
22,16,10.04
25,13,10.04
25,16,10.05
32,13,10.05
45,16,10.05
29,16,10.05
33,12,10.05
40,13,10.06
34,12,10.06
43,13,10.06
35,12,10.07
48,13,10.07
22,16,10.07
23,16,10.07
37,13,10.1
39,12,10.1
52,12,10.1
44,13,10.1
36,13,10.1
34,13,10.1
53,16,10.11
26,16,10.11
31,16,10.12
52,12,10.12
47,12,10.13
33,12,10.14
40,11,10.15
39,12,10.15
43,16,10.15
57,12,10.15
35,14,10.15
36,13,10.15
50,12,10.15
44,13,10.17
53,13,10.18
29,14,10.19
47,13,10.2
41,12,10.2
62,13,10.2
41,13,10.2
54,12,10.2
38,12,10.2
52,12,10.21
46,13,10.22
41,12,10.22
24,13,10.23
26,13,10.24
32,12,10.24
34,12,10.24
33,12,10.25
48,9,10.25
47,13,10.25
36,12,10.25
30,13,10.25
36,8,10.25
22,12,10.25
60,12,10.25
58,12,10.25
26,16,10.25
50,12,10.25
58,13,10.25
44,13,10.25
35,13,10.25
61,12,10.25
59,18,10.25
34,13,10.25
36,13,10.25
37,16,10.25
47,13,10.25
40,12,10.27
46,13,10.27
39,13,10.27
29,13,10.28
49,13,10.3
44,12,10.3
20,13,10.3
27,13,10.3
36,10,10.3
47,16,10.3
54,12,10.3
38,12,10.3
40,14,10.3
42,12,10.3
47,12,10.31
36,13,10.31
19,12,10.31
26,16,10.31
54,12,10.31
44,13,10.32
52,13,10.32
58,12,10.35
23,12,10.35
29,13,10.35
33,12,10.37
31,12,10.37
30,11,10.37
51,12,10.37
34,14,10.38
65,12,10.38
25,12,10.38
23,16,10.38
51,10,10.4
33,13,10.4
27,12,10.4
33,12,10.4
41,13,10.4
48,13,10.4
47,12,10.4
49,12,10.4
39,12,10.4
39,12,10.4
35,11,10.4
35,12,10.41
22,13,10.42
47,8,10.42
21,13,10.43
43,16,10.43
53,12,10.43
51,13,10.43
56,13,10.43
52,13,10.44
30,12,10.45
26,13,10.45
36,13,10.46
29,12,10.47
37,12,10.47
53,10,10.49
54,14,10.5
28,13,10.5
59,8,10.5
43,13,10.5
25,13,10.5
51,12,10.5
38,8,10.5
28,12,10.5
49,16,10.5
38,13,10.5
26,13,10.5
57,12,10.5
40,12,10.5
30,12,10.5
36,8,10.5
27,12,10.5
25,12,10.5
26,12,10.5
34,14,10.5
42,13,10.5
55,12,10.5
51,12,10.5
54,12,10.5
36,12,10.5
45,13,10.5
27,12,10.5
42,13,10.5
28,12,10.5
25,13,10.5
51,12,10.5
33,13,10.5
28,12,10.5
47,12,10.5
28,12,10.5
55,12,10.5
24,13,10.5
30,12,10.5
42,12,10.5
37,13,10.5
46,13,10.5
46,13,10.5
49,12,10.5
51,12,10.5
28,13,10.5
49,12,10.5
23,13,10.5
47,14,10.52
39,12,10.52
57,16,10.55
43,13,10.55
51,12,10.55
24,16,10.56
23,16,10.56
25,14,10.56
23,16,10.56
61,18,10.57
35,12,10.57
56,9,10.57
48,13,10.57
47,14,10.57
41,12,10.58
52,18,10.59
30,12,10.6
28,13,10.6
42,16,10.6
38,12,10.6
31,12,10.6
32,12,10.6
23,16,10.61
25,13,10.61
36,12,10.63
43,9,10.65
55,9,10.65
42,13,10.65
36,12,10.65
33,11,10.65
23,13,10.65
23,12,10.65
31,16,10.66
32,13,10.67
48,12,10.67
48,12,10.67
31,13,10.68
25,12,10.7
40,13,10.7
54,16,10.7
35,12,10.7
26,12,10.7
52,16,10.7
53,12,10.7
48,14,10.7
56,11,10.7
56,11,10.7
37,13,10.7
31,14,10.7
43,8,10.71
37,14,10.73
37,12,10.74
54,13,10.74
37,11.5,10.75
34,14,10.75
26,16,10.75
36,11,10.75
47,12,10.75
41,13,10.75
34,12,10.75
38,13,10.75
46,12,10.75
39,13,10.75
38,13,10.75
47,13,10.75
31,13,10.75
35,13,10.75
26,12,10.75
45,12,10.75
59,12,10.76
40,13,10.76
32,12,10.77
29,13,10.77
58,12,10.78
27,13,10.78
34,12,10.78
38,13,10.78
29,12,10.79
50,16,10.8
38,12,10.8
60,13,10.8
60,13,10.8
27,12,10.81
49,13,10.85
26,16,10.85
64,12,10.9
29,12,10.9
34,12,10.9
29,12,10.9
45,12,10.9
46,16,10.9
40,13,10.91
30,14,10.92
46,12,10.94
24,16,10.94
51,13,10.97
60,18,11
45,13,11
41,8,11
35,16,11
40,16,11
38,12,11
35,8,11
32,12,11
25,12,11
57,12,11
47,9,11
23,13,11
34,13,11
60,8,11
64,12,11
24,12,11
58,16,11
38,13,11
31,14,11
51,11.5,11
47,13,11
25,13,11
37,16,11
40,16,11
57,14,11
59,13,11
39,12,11
45,14,11
59,12,11
62,8,11
26,13,11
48,13,11
60,12,11
45,12,11
40,13,11
52,12,11
48,10,11
51,13,11
52,9,11
41,12,11
38,13,11
24,13,11
23,12,11
28,12,11
33,13,11
60,18,11
29,12,11
38,8,11
27,13,11
30,13,11
27,13,11
26,13,11
48,12,11
39,12,11
40,12,11
43,13,11
32,12,11
32,13,11
31,16,11
42,12,11
27,12,11
52,12,11
27,12,11
36,12,11
29,13,11
37,12,11
40,16,11
39,13,11
32,13,11
33,12,11
39,10,11
30,12,11
39,12,11
23,13,11
51,14,11
31,12,11
36,12,11
30,13,11
40,13,11
31,12,11
25,12,11
41,12,11
39,12,11
61,13,11
46,16,11
58,12,11
29,12,11
63,10,11
64,11,11
32,13,11
57,10,11
33,16,11
24,13,11
62,13,11
24,12,11
44,12,11
41,11,11
36,12,11
28,13,11
35,12,11
50,11,11
33,13,11
62,12,11
34,12,11
55,12,11
30,18,11
30,12,11
32,13,11
22,12,11
21,13,11
30,12,11
39,13,11
50,12,11
30,13,11
42,12,11
51,12,11
46,10,11
45,13,11
27,12,11
55,12,11
38,14,11
62,12,11
24,12,11
28,12,11
31,12,11
36,13,11
24,16,11
36,13,11
35,13,11
46,12,11
24,14,11
40,12,11
50,11,11
64,16,11
32,12,11
29,13,11
28,12,11
38,13,11
34,14,11
38,12,11
32,12,11
46,16,11
26,12,11
39,13,11
30,12,11
47,13,11
25,13,11
59,12,11
29,12,11
28,13,11
32,12,11
39,16,11
39,12,11
27,13,11
38,12,11
45,12,11
46,11,11
30,13,11
60,12,11
47,13,11
38,13,11
50,12,11
34,13,11
27,13,11
48,12,11
43,10,11
25,14,11
41,13,11
24,12,11
47,13,11
40,12,11
29,12,11
35,18,11.02
47,16,11.03
30,12,11.05
29,13,11.05
33,12,11.05
37,12,11.06
32,13,11.06
25,13,11.06
41,14,11.1
36,12,11.1
42,13,11.1
30,16,11.12
25,11,11.15
29,11,11.15
28,12,11.15
43,13,11.15
40,13,11.15
24,13,11.16
23,12,11.16
32,12,11.16
23,11.5,11.17
37,13,11.2
37,12,11.2
33,12,11.22
25,12,11.22
41,13,11.23
23,12,11.23
30,13,11.23
44,12,11.24
34,8,11.25
33,12,11.25
40,12,11.25
61,12,11.25
46,13,11.25
48,12,11.25
34,8,11.25
55,12,11.25
36,16,11.25
64,13,11.25
26,13,11.25
30,16,11.25
25,16,11.25
42,12,11.25
35,12,11.25
21,12,11.25
20,12,11.25
24,13,11.25
43,18,11.28
57,13,11.28
39,13,11.28
40,12,11.29
45,13,11.3
26,16,11.3
34,16,11.3
57,12,11.3
34,12,11.31
57,12,11.33
50,12,11.34
28,13,11.35
36,12,11.35
39,11,11.35
28,12,11.36
40,12,11.37
37,13,11.38
36,12,11.38
57,12,11.39
33,12,11.4
32,13,11.4
30,13,11.4
33,11,11.4
21,12,11.4
44,9,11.42
47,13,11.42
48,13,11.42
41,12,11.43
31,12,11.43
38,12,11.43
48,12,11.43
61,12,11.43
42,12,11.43
28,13,11.43
40,12,11.44
46,14,11.45
28,18,11.45
43,13,11.45
49,12,11.49
41,13,11.49
39,13,11.49
47,12,11.5
26,11,11.5
25,12,11.5
42,12,11.5
53,13,11.5
47,13,11.5
36,13,11.5
37,13,11.5
62,12,11.5
38,12,11.5
35,14,11.5
43,8,11.5
33,11,11.5
42,12,11.5
26,12,11.5
61,13,11.5
57,16,11.5
27,13,11.5
29,12,11.5
49,12,11.5
31,13,11.5
29,12,11.5
44,12,11.5
50,12,11.5
45,13,11.5
26,10,11.5
39,13,11.5
28,13,11.5
39,12,11.5
36,12,11.5
39,12,11.5
49,13,11.5
25,16,11.5
30,16,11.5
50,12,11.5
52,13,11.5
61,12,11.5
34,13,11.5
30,13,11.5
36,13,11.5
57,12,11.5
28,16,11.51
42,10,11.55
35,11,11.55
58,8,11.57
55,12,11.58
24,16,11.58
23,16,11.58
33,13,11.58
48,13,11.6
36,13,11.6
46,12,11.6
40,12,11.6
23,16,11.6
24,16,11.6
24,16,11.6
54,13,11.6
57,13,11.6
28,12,11.61
44,8,11.63
58,12,11.63
49,13,11.65
38,12,11.65
35,12,11.65
31,12,11.65
54,13,11.65
34,12,11.65
39,14,11.66
51,12,11.66
27,12,11.68
24,16,11.69
49,12,11.69
30,12,11.7
31,12,11.7
55,13,11.75
49,12,11.75
26,12,11.75
36,12,11.75
45,16,11.75
49,12,11.78
23,13,11.8
23,16,11.82
59,16,11.83
35,12,11.85
57,13,11.85
32,13,11.86
61,12,11.86
30,12,11.86
45,13,11.87
24,14,11.88
41,13,11.89
26,13,11.89
24,13,11.9
39,12,11.92
41,11,11.95
34,14,11.96
29,12,11.96
29,16,11.96
43,16,11.96
32,12,11.99
25,12,11.99
31,12,11.99
30,12,11.99
33,12,12
35,13,12
33,12,12
37,11.5,12
57,12,12
51,12,12
27,12,12
30,12,12
46,12,12
52,13,12
34,11,12
33,12,12
49,12,12
52,12,12
37,12,12
55,12,12
47,13,12
22,13,12
47,13,12
42,16,12
48,12,12
50,12,12
50,12,12
40,8,12
24,13,12
45,12,12
43,13,12
34,13,12
33,12,12
23,12,12
47,12,12
52,12,12
37,13,12
45,13,12
47,11.5,12
36,13,12
35,12,12
30,13,12
52,12,12
57,8,12
35,16,12
26,13,12
44,12,12
42,12,12
57,12,12
29,12,12
49,14,12
59,12,12
59,12,12
61,13,12
51,13,12
26,12,12
51,12,12
61,12,12
38,12,12
46,12,12
32,13,12
42,12,12
40,13,12
33,16,12
31,12,12
46,13,12
38,13,12
33,12,12
22,12,12
38,13,12
44,14,12
40,13,12
39,18,12
39,14,12
53,12,12
26,18,12
38,8,12
39,13,12
40,12,12
24,12,12
46,12,12
32,13,12
57,13,12
31,16,12
31,12,12
37,12,12
32,11,12
34,12,12
28,16,12
41,16,12
42,14,12
30,12,12
47,13,12
40,12,12
34,13,12
24,12,12
54,16,12
39,18,12
26,16,12
36,11,12
30,13,12
33,12,12
43,16,12
45,12,12
29,13,12
54,13,12
25,13,12
28,8,12
44,12,12
52,13,12
31,16,12
36,13,12
50,12,12
42,13,12
51,18,12
36,16,12
30,12,12
39,13,12
36,12,12
52,12,12
29,13,12
45,12,12
30,16,12
55,13,12
34,12,12
33,13,12
37,12,12
24,16,12
36,13,12
29,16,12
54,12,12
47,12,12
32,12,12
34,12,12
43,12,12
35,12,12
28,12,12
41,13,12
25,16,12
32,18,12
25,13,12
34,12,12
41,13,12
44,12,12
23,12,12
22,10,12
42,18,12
28,16,12
38,12,12
39,13,12
36,13,12
64,12,12
36,12,12
24,16,12
23,16,12
62,13,12
48,13,12
22,10,12
35,18,12
33,10,12
27,11,12
32,8,12
26,13,12
27,13,12
41,16,12
25,16,12
27,13,12
40,13,12
49,12,12
36,13,12
37,13,12
38,12,12
46,18,12
55,12,12
45,16,12
35,13,12
49,13,12
19,12,12
48,16,12
38,13,12
27,16,12
43,13,12
22,12,12
38,8,12
47,12,12
56,12,12
33,11,12
34,13,12
47,10,12
33,9,12
22,13,12
40,12,12
34,11,12
38,13,12
61,12,12
24,12,12
26,16,12
64,14,12
31,13,12
32,18,12
43,12,12
32,11,12
27,13,12
30,12,12
30,8,12
44,16,12
50,13,12
33,12,12
46,18,12
28,12,12
48,13,12
52,13,12.02
34,14,12.03
33,14,12.04
33,13,12.04
32,12,12.05
52,13,12.05
36,12,12.06
49,12,12.06
56,16,12.07
43,13,12.07
32,13,12.08
37,14,12.09
39,12,12.09
42,12,12.09
45,13,12.1
29,13,12.1
31,16,12.11
26,18,12.11
60,13,12.12
45,12,12.15
37,12,12.15
51,12,12.15
23,12,12.15
27,12,12.16
30,16,12.18
25,12,12.2
28,12,12.2
26,13,12.21
45,13,12.25
27,12,12.25
50,12,12.25
26,12,12.25
24,10,12.25
40,16,12.25
44,12,12.25
40,13,12.25
40,13,12.25
32,11,12.25
55,16,12.25
43,13,12.27
33,13,12.28
49,12,12.3
52,13,12.3
41,12,12.3
35,16,12.32
39,12,12.33
48,13,12.34
29,13,12.35
41,13,12.35
48,13,12.35
39,14,12.35
39,10,12.35
28,12,12.36
43,13,12.4
42,13,12.4
26,16,12.4
34,12,12.4
32,13,12.42
41,16,12.44
24,13,12.45
59,12,12.48
54,12,12.48
36,12,12.5
33,12,12.5
41,11,12.5
57,8,12.5
25,13,12.5
49,13,12.5
44,12,12.5
38,18,12.5
57,8,12.5
41,12,12.5
39,11,12.5
27,12,12.5
25,12,12.5
30,12,12.5
36,13,12.5
54,9,12.5
43,13,12.5
31,16,12.5
51,12,12.5
32,13,12.5
35,10,12.5
59,11.5,12.5
25,13,12.5
25,12,12.5
27,16,12.5
44,16,12.5
28,12,12.5
38,13,12.5
28,18,12.5
28,13,12.5
31,14,12.5
43,12,12.5
34,12,12.5
54,12,12.5
45,13,12.5
41,16,12.5
40,14,12.5
45,12,12.5
51,12,12.5
47,13,12.5
29,12,12.5
46,13,12.5
51,12,12.5
49,12,12.5
53,9,12.5
26,13,12.5
29,12,12.5
36,13,12.5
59,13,12.53
41,12,12.53
44,14,12.55
46,12,12.56
49,13,12.56
29,13,12.58
59,12,12.6
55,12,12.6
39,13,12.6
28,13,12.6
41,13,12.6
49,12,12.6
52,12,12.61
43,16,12.62
35,16,12.63
27,18,12.65
40,12,12.65
28,12,12.65
33,12,12.65
51,13,12.67
37,13,12.68
39,12,12.68
40,13,12.68
32,12,12.68
45,12,12.69
34,8,12.69
45,13,12.7
47,12,12.7
62,12,12.7
44,12,12.7
52,13,12.7
52,13,12.7
59,12,12.71
62,12,12.71
26,16,12.72
37,12,12.73
27,16,12.73
35,12,12.75
30,14,12.75
28,12,12.75
41,12,12.75
39,10,12.75
42,12,12.8
28,14,12.8
47,16,12.8
49,12,12.8
45,12,12.8
54,13,12.81
49,13,12.81
39,12,12.83
28,14,12.84
43,12,12.84
38,13,12.84
41,13,12.84
51,16,12.85
54,12,12.85
25,13,12.85
49,16,12.85
48,16,12.85
31,12,12.86
39,10,12.88
41,13,12.88
25,16,12.88
26,12,12.89
36,13,12.89
29,13,12.89
37,12,12.9
26,13,12.9
42,13,12.92
49,12,12.93
35,16,12.94
45,18,12.94
28,13,12.95
35,13,12.95
45,13,12.99
38,13,13
41,14,13
42,13,13
51,12,13
44,12,13
41,11.5,13
56,13,13
24,14,13
53,9,13
33,12,13
29,12,13
48,11,13
49,12,13
50,12,13
39,13,13
45,16,13
30,16,13
32,10,13
32,12,13
24,12,13
39,12,13
44,12,13
37,13,13
49,12,13
37,16,13
32,13,13
52,12,13
53,12,13
41,13,13
48,9,13
63,13,13
39,16,13
35,13,13
56,12,13
43,13,13
39,12,13
44,13,13
35,12,13
37,12,13
39,12,13
35,12,13
29,13,13
33,12,13
50,13,13
36,12,13
48,12,13
50,12,13
45,14,13
41,13,13
35,12,13
53,12,13
37,8,13
40,13,13
28,12,13
47,12,13
26,14,13
31,13,13
43,13,13
33,13,13
41,12,13
50,13,13
40,13,13
47,12,13
38,16,13
29,10,13
39,12,13
28,12,13
51,12,13
27,16,13
52,11,13
39,12,13
39,12,13
38,12,13
46,13,13
50,11,13
29,13,13
57,12,13
29,12,13
25,13,13
39,8,13
31,12,13
46,12,13
40,13,13
36,13,13
63,12,13
40,12,13
31,13,13
30,13,13
33,12,13
38,10,13
30,13,13
33,8,13
37,13,13
31,16,13
40,9,13
60,12,13
35,12,13
35,12,13
44,12,13
44,14,13
40,13,13
47,12,13
43,13,13
25,16,13
51,12,13
56,13,13
51,12,13
42,12,13
34,13,13
35,13,13
43,13,13
42,12,13
56,13,13
52,13,13
31,13,13
34,12,13
33,14,13
37,14,13
46,12,13
31,13,13
43,13,13
44,13,13
39,13,13
45,12,13
25,13,13
40,12,13
43,12,13
36,12,13
25,16,13
29,12,13
29,12,13
31,14,13
65,12,13
54,12,13
27,12,13
50,12,13
27,13,13
41,13,13
47,12,13
43,13,13
49,12,13
45,14,13
54,12,13
38,12,13
43,13,13
38,12,13
39,12,13
31,13,13
53,12,13
29,16,13
28,12,13
51,13,13.03
21,12,13.1
30,12,13.1
30,14,13.1
27,16,13.1
43,18,13.12
46,18,13.12
51,13,13.13
41,13,13.15
43,12,13.15
54,13,13.15
37,12,13.15
46,12,13.2
35,13,13.2
45,13,13.2
50,12,13.23
22,13,13.24
24,12,13.24
27,13,13.25
39,12,13.25
30,12,13.25
32,12,13.25
38,10,13.25
41,12,13.27
42,12,13.3
44,13,13.3
40,12,13.31
28,13,13.32
32,13,13.33
32,13,13.35
63,12,13.38
35,12,13.39
35,12,13.4
38,13,13.4
37,13,13.4
51,12,13.41
34,13,13.43
40,16,13.43
44,14,13.43
32,12,13.45
50,12,13.45
35,13,13.45
46,13,13.45
42,13,13.45
63,16,13.49
45,13,13.5
52,13,13.5
47,12,13.5
34,12,13.5
41,13,13.5
33,12,13.5
36,11,13.5
52,8,13.5
25,14,13.5
55,13,13.5
20,13,13.5
42,13,13.5
50,12,13.5
27,13,13.5
35,12,13.5
62,13,13.5
41,13,13.5
45,14,13.5
32,12,13.5
32,12,13.5
31,14,13.5
25,13,13.5
28,12,13.5
44,18,13.5
39,18,13.5
39,13,13.5
33,12,13.5
53,13,13.5
42,16,13.5
56,10,13.5
39,13,13.5
58,12,13.54
49,13,13.55
33,14,13.56
24,16,13.57
24,16,13.57
25,16,13.58
49,10,13.6
33,16,13.6
24,16,13.6
44,16,13.62
36,12,13.62
41,16,13.62
59,13,13.64
48,12,13.65
51,13,13.65
47,12,13.65
32,12,13.67
37,12,13.7
37,10,13.7
47,18,13.7
40,18,13.7
33,13,13.7
48,13,13.74
62,8,13.75
45,16,13.75
36,16,13.75
48,16,13.75
25,16,13.75
34,16,13.75
34,13,13.75
26,12,13.75
45,16,13.75
30,13,13.75
44,16,13.78
29,12,13.8
32,12,13.8
38,13,13.8
53,14,13.81
46,13,13.82
52,13,13.84
29,16,13.85
53,12,13.85
39,14,13.85
49,12,13.85
44,18,13.85
27,13,13.86
27,12,13.86
45,14,13.89
28,18,13.9
32,16,13.9
47,13,13.9
39,13,13.9
48,13,13.91
46,13,13.92
53,13,13.94
30,12,13.96
53,12,13.98
37,12,13.99
58,12,13.99
29,13,14
27,16,14
30,12,14
42,13,14
35,13,14
49,18,14
49,12,14
49,8,14
33,13,14
48,13,14
29,13,14
41,16,14
46,16,14
32,12,14
52,11,14
36,12,14
47,12,14
52,8,14
50,13,14
60,12,14
26,12,14
36,13,14
37,13,14
37,12,14
51,12,14
49,12,14
37,12,14
49,9,14
28,12,14
56,12,14
34,12,14
28,12,14
44,13,14
32,12,14
41,13,14
43,12,14
32,13,14
40,12,14
41,12,14
48,9,14
33,12,14
31,12,14
48,12,14
59,12,14
45,13,14
41,12,14
49,13,14
34,14,14
29,13,14
30,12,14
47,12,14
32,16,14
46,16,14
29,12,14
44,13,14
29,12,14
42,18,14
45,12,14
33,12,14
27,13,14
36,13,14
26,14,14
25,14,14
44,18,14
56,12,14
26,12,14
38,12,14
50,13,14
31,16,14
51,13,14
46,13,14
29,16,14
27,12,14
27,13,14
37,14,14
39,16,14
39,12,14
34,13,14
46,12,14
35,12,14
50,16,14
37,13,14
33,13,14
36,12,14
41,12,14
43,13,14
43,12,14
56,8,14
56,13,14
49,13,14
27,12,14
33,12,14
55,13,14
42,16,14
60,11,14
31,13,14
31,16,14
44,13,14
39,13,14
42,12,14
39,16,14
39,12,14
56,12,14
24,8,14
33,13,14
28,12,14
64,13,14
35,13,14
30,18,14
28,14,14
38,12,14
37,14,14
47,14,14
36,12,14
41,13,14
35,12,14
34,16,14
39,16,14
31,13,14
57,13,14
25,12,14
25,13,14
28,16,14
43,16,14
38,13,14
43,11,14
34,12,14
29,12,14
36,16,14
25,13,14
23,16,14
23,13,14
46,13,14
42,12,14
25,16,14
55,14,14
37,13,14
63,12,14
46,12,14
30,12,14
56,13,14
35,12,14
39,12,14
27,13,14
59,13,14
45,16,14
42,12,14
30,12,14
30,12,14
55,13,14
26,12,14
35,13,14
34,13,14.01
57,13,14.05
44,12,14.05
44,13,14.05
48,12,14.05
35,12,14.06
43,12,14.07
50,14,14.07
47,13,14.07
37,12,14.07
44,12,14.07
42,12,14.07
40,13,14.1
48,12,14.1
32,14,14.1
32,13,14.1
57,12,14.11
55,13,14.11
46,11.5,14.18
35,8,14.18
33,12,14.19
47,12,14.2
46,12,14.2
36,16,14.2
46,12,14.25
32,16,14.25
41,12,14.25
27,13,14.25
40,13,14.27
30,12,14.33
26,16,14.33
27,12,14.34
56,12,14.35
31,12,14.35
32,14,14.38
32,12,14.38
47,16,14.4
28,16,14.4
42,10,14.4
31,12,14.42
40,16,14.43
27,16,14.43
48,12,14.45
50,13,14.46
61,9,14.47
52,12,14.47
29,16,14.47
40,12,14.48
60,8,14.5
64,12,14.5
40,16,14.5
27,12,14.5
34,12,14.5
34,12,14.5
29,12,14.5
47,18,14.5
28,13,14.5
45,16,14.5
43,12,14.5
52,16,14.5
51,16,14.5
41,13,14.51
50,12,14.51
41,13,14.54
34,12,14.55
55,12,14.57
58,12,14.57
61,13,14.6
29,10,14.6
34,12,14.6
40,16,14.65
36,12,14.65
50,16,14.66
34,14,14.66
47,13,14.7
38,13,14.7
36,12,14.7
48,8,14.7
32,13,14.75
44,13,14.75
46,12,14.75
25,13,14.77
51,13,14.79
58,12,14.79
56,12,14.79
49,13,14.8
32,13,14.8
26,12,14.8
46,16,14.82
21,12,14.87
28,16,14.87
32,12,14.88
32,12,14.88
28,13,14.89
32,13,14.9
56,12,14.93
28,12,14.93
44,13,14.95
39,14,14.95
41,12,14.96
29,13,14.96
44,16,14.97
51,13,15
42,13,15
29,13,15
47,13,15
43,13,15
49,12,15
52,12,15
48,13,15
55,12,15
46,12,15
49,10,15
59,8,15
51,12,15
40,16,15
31,13,15
52,12,15
49,12,15
47,12,15
43,12,15
52,12,15
51,12,15
59,13,15
54,12,15
33,12,15
38,13,15
40,13,15
26,13,15
44,12,15
52,14,15
45,12,15
36,13,15
43,12,15
43,13,15
52,16,15
30,16,15
40,12,15
33,12,15
40,12,15
30,13,15
32,13,15
49,12,15
52,12,15
47,12,15
64,12,15
36,13,15
42,12,15
43,13,15
47,12,15
33,12,15
38,12,15
55,13,15
45,13,15
51,12,15
39,12,15
47,12,15
40,13,15
36,16,15
33,16,15
29,13,15
32,12,15
38,12,15
59,12,15
37,12,15
49,12,15
36,13,15
31,18,15
28,13,15
35,13,15
57,12,15
57,13,15
31,13,15
26,12,15
35,13,15
48,12,15
26,13,15
42,12,15
23,12,15
30,13,15
30,13,15
35,12,15
46,12,15
35,12,15
42,12,15
51,13,15
47,12,15
40,13,15
36,16,15
41,13,15
39,13,15
65,12,15
55,12,15
37,12,15
39,13,15
45,12,15
32,16,15
35,13,15
56,10,15
42,12,15
41,12,15
35,13,15
43,12,15
32,13,15
55,18,15
40,12,15
38,13,15
38,13,15
27,13,15
37,13,15
50,13,15
41,14,15
36,13,15
27,12,15
40,12,15
24,16,15
24,16,15
38,13,15
32,16,15
63,13,15
48,16,15
50,12,15
61,12,15
40,16,15
42,13,15
45,13,15
43,13,15
34,12,15
48,13,15
34,12,15
28,12,15
27,13,15
25,16,15
44,18,15
23,12,15
41,16,15
33,12,15
30,12,15
27,16,15
42,12,15
41,13,15
62,12,15
47,12,15
41,13,15
41,14,15
26,12,15
26,16,15
51,12,15
56,12,15
37,13,15
27,13,15
55,13,15
58,10,15
41,13,15
55,12,15
31,12,15
59,12,15
28,13,15
34,16,15
23,12,15
53,12,15
53,14,15
59,13,15
59,14,15
45,13,15
39,13,15
45,13,15
62,12,15
65,12,15
34,16,15
30,12,15
24,12,15
31,13,15
57,8,15
47,12,15
28,16,15
37,13,15
49,12,15
27,16,15
42,13,15.03
42,13,15.03
47,14,15.05
37,13,15.1
37,16,15.1
29,13,15.17
36,13,15.22
44,12,15.25
58,13,15.25
35,14,15.25
33,16,15.27
37,16,15.27
33,13,15.27
59,12,15.3
23,16,15.3
44,12,15.31
49,14,15.33
36,12,15.34
39,14,15.34
46,14,15.34
52,13,15.35
47,12,15.36
40,13,15.37
45,13,15.37
40,13,15.37
36,12,15.37
43,18,15.37
40,16,15.37
44,13,15.4
34,12,15.44
48,12,15.45
62,13,15.46
61,11,15.46
57,10,15.46
46,16,15.46
41,13,15.49
35,13,15.5
25,14,15.5
26,12,15.5
32,16,15.5
42,13,15.5
25,12,15.5
37,16,15.51
35,12,15.51
58,18,15.54
54,12,15.55
59,9,15.55
53,12,15.56
44,18,15.56
40,14,15.56
35,13,15.58
50,16,15.6
55,12,15.62
41,12,15.62
37,13,15.63
42,13,15.63
43,12,15.64
44,12,15.64
39,13,15.65
27,16,15.67
36,13,15.7
30,13,15.7
47,14,15.7
60,12,15.7
31,12,15.7
47,12,15.75
41,16,15.75
37,12,15.75
38,12,15.79
39,12,15.8
43,13,15.81
42,12,15.81
22,12,15.83
27,14,15.83
58,12,15.85
27,14,15.91
36,13,15.91
37,13,15.97
38,14,15.99
34,13,16
37,13,16
27,16,16
47,12,16
51,10,16
47,11,16
45,13,16
27,13,16
42,13,16
50,12,16
42,16,16
42,12,16
46,13,16
35,16,16
36,13,16
24,12,16
35,13,16
52,16,16
44,16,16
37,13,16
50,12,16
42,12,16
49,12,16
48,13,16
21,12,16
45,12,16
40,13,16
27,13,16
50,12,16
48,12,16
30,12,16
45,12,16
62,13,16
49,12,16
34,12,16
31,12,16
55,12,16
47,13,16
36,18,16
39,18,16
25,12,16
36,18,16
34,12,16
32,16,16
47,13,16
44,12,16
45,16,16
56,16,16
40,12,16
31,16,16
53,10,16
39,16,16
37,16,16
41,16,16
29,13,16
39,16,16
50,13,16
49,13,16
33,13,16
47,16,16
34,16,16
41,13,16
48,16,16
41,16,16
42,13,16
33,13,16
49,14,16
30,13,16
33,16,16
27,13,16
27,12,16
40,13,16
51,16,16
53,16,16
58,13,16
52,16,16
41,14,16
37,18,16
51,13,16
45,16,16
39,12,16
45,13,16
45,13,16
59,12,16
23,12,16
53,12,16
36,12,16
39,13,16
35,13,16.05
48,18,16.05
64,10,16.06
30,16,16.09
32,13,16.1
32,13,16.11
47,13,16.16
27,12,16.18
36,18,16.2
40,16,16.2
43,16,16.2
39,16,16.21
24,12,16.21
49,12,16.25
37,12,16.25
58,13,16.25
55,13,16.25
38,16,16.29
52,13,16.29
46,13,16.3
51,13,16.32
37,16,16.35
49,12,16.35
39,14,16.35
50,16,16.4
59,16,16.4
38,18,16.4
57,12,16.43
40,16,16.5
41,13,16.5
39,16,16.5
48,12,16.5
48,12,16.5
33,16,16.5
60,13,16.5
51,16,16.5
57,16,16.5
30,16,16.5
42,13,16.5
47,12,16.5
38,18,16.5
28,13,16.5
51,13,16.5
33,14,16.5
59,13,16.5
56,12,16.5
43,12,16.5
30,13,16.5
52,12,16.5
37,12,16.5
31,13,16.56
42,13,16.57
33,13,16.58
40,13,16.6
44,12,16.6
43,13,16.6
65,12,16.65
25,16,16.66
45,18,16.67
40,13,16.7
40,12,16.72
45,13,16.74
34,12,16.75
37,12,16.75
36,13,16.77
58,12,16.8
43,12,16.8
57,13,16.8
41,16,16.8
41,13,16.8
47,13,16.81
47,13,16.81
37,13,16.81
56,13,16.82
26,13,16.82
27,16,16.83
65,12,16.83
52,14,16.85
36,13,16.87
27,16,16.88
31,16,16.95
62,12,16.96
27,12,16.96
41,18,17
38,13,17
31,12,17
55,16,17
52,16,17
61,11.5,17
36,13,17
57,12,17
29,12,17
28,12,17
41,13,17
37,13,17
24,16,17
32,11,17
47,13,17
55,8,17
49,12,17
39,11,17
42,12,17
56,12,17
26,16,17
40,12,17
57,12,17
41,16,17
35,13,17
39,12,17
60,12,17
59,8,17
30,12,17
43,13,17
44,11,17
23,12,17
44,14,17
29,12,17
30,13,17
31,13,17
47,18,17
47,12,17
37,12,17
46,11,17
64,12,17
33,16,17
50,13,17
39,14,17
36,14,17
59,12,17
43,13,17
46,14,17
39,12,17
60,14,17
35,13,17
34,11.5,17
49,12,17
33,13,17
57,16,17
41,16,17
45,8,17
38,16,17
33,12,17
38,16,17
26,16,17
35,16,17
32,16,17
52,13,17
38,13,17
44,12,17
40,12,17
46,12,17
51,12,17
50,12,17
57,12,17
41,12,17
27,13,17
48,13,17
37,9,17
30,11,17
54,10,17
26,11,17
37,14,17
45,12,17
38,13,17
33,12,17
31,12,17
37,14,17
41,12,17.06
37,13,17.06
37,13,17.06
35,12,17.06
31,12,17.1
62,12,17.1
50,12,17.14
51,12,17.15
31,12,17.16
27,16,17.16
37,18,17.16
55,12,17.2
26,13,17.21
44,12,17.23
51,13,17.25
42,12,17.25
36,14,17.25
42,12,17.3
40,13,17.35
51,12,17.35
54,13,17.35
30,13,17.39
44,12,17.4
25,16,17.4
53,12,17.4
51,12,17.4
31,13,17.49
44,13,17.5
46,14,17.5
40,16,17.5
28,12,17.5
61,8,17.5
45,11,17.5
40,13,17.5
47,13,17.5
50,14,17.5
48,13,17.5
61,12,17.5
39,12,17.5
56,12,17.5
54,16,17.5
48,12,17.5
64,13,17.5
42,16,17.55
28,13,17.58
59,13,17.6
29,16,17.63
63,12,17.68
45,18,17.7
40,12,17.71
40,13,17.71
38,12,17.71
26,16,17.75
50,13,17.78
39,12,17.78
39,12,17.78
41,12,17.79
33,13,17.82
54,13,17.85
37,12,17.85
57,16,17.88
25,13,17.9
49,13,17.99
27,12,17.99
42,16,18
48,13,18
54,13,18
45,13,18
30,12,18
35,16,18
41,12,18
40,13,18
42,12,18
42,12,18
48,13,18
43,13,18
40,16,18
46,14,18
43,16,18
39,12,18
26,13,18
42,10,18
45,13,18
36,12,18
33,12,18
35,13,18
36,13,18
37,16,18
28,12,18
35,13,18
43,12,18
38,14,18
54,12,18
34,13,18
34,12,18
36,16,18
35,16,18
36,16,18
38,16,18
41,14,18
48,18,18
29,16,18
49,16,18
56,12,18
34,16,18
35,16,18
46,16,18
51,13,18
32,12,18
34,12,18
39,11.5,18
42,18,18
44,13,18
33,14,18
47,16,18
37,13,18
37,12,18
39,18,18
48,16,18
31,14,18
51,12,18
39,13,18
46,16,18
32,13,18
46,13,18
35,14,18
45,13,18.03
45,13,18.03
36,11,18.07
53,13,18.1
53,12,18.1
38,13,18.1
40,16,18.14
26,14,18.19
49,13,18.2
38,12,18.2
46,10,18.23
47,16,18.25
36,16,18.25
33,13,18.25
60,12,18.28
44,13,18.35
39,12,18.35
51,16,18.38
38,13,18.4
43,13,18.4
35,14,18.43
44,16,18.43
42,16,18.46
43,13,18.46
47,18,18.5
35,13,18.5
31,16,18.5
57,13,18.5
59,18,18.5
61,12,18.5
38,14,18.5
32,13,18.5
31,13,18.52
33,12,18.54
43,13,18.54
35,12,18.54
38,16,18.57
34,16,18.6
43,13,18.6
29,13,18.6
49,13,18.62
57,13,18.65
45,12,18.67
44,12,18.69
37,13,18.69
45,12,18.7
43,12,18.7
47,14,18.7
35,16,18.7
56,12,18.75
53,12,18.75
39,13,18.75
38,12,18.75
43,13,18.75
26,16,18.75
25,13,18.75
43,13,18.78
48,16,18.8
39,11,18.82
52,13,18.82
39,16,18.83
49,14,18.89
46,9,18.9
50,12,18.98
60,12,19
37,18,19
47,13,19
46,13,19
31,12,19
55,12,19
60,13,19
44,12,19
48,16,19
42,12,19
53,12,19
53,16,19
46,18,19
46,12,19
59,10,19
39,13,19
46,12,19
43,16,19
42,13,19
43,13,19
42,12,19
30,13,19
38,14,19
64,13,19
32,14,19
36,16,19
38,14,19
38,12,19
36,13,19
44,12,19
25,16,19
48,12,19
45,14,19
32,16,19
40,13,19
40,12,19
52,12,19
61,12,19
43,13,19
46,18,19
57,12,19
26,13,19.02
34,12,19.05
57,18,19.07
59,16,19.07
29,13,19.1
30,13,19.14
39,12,19.19
49,12,19.19
28,13,19.2
62,16,19.23
32,16,19.25
45,16,19.3
40,13,19.33
53,16,19.4
45,14,19.45
43,14,19.45
47,16,19.5
48,12,19.5
29,12,19.5
47,12,19.5
33,13,19.5
56,12,19.5
